#Sauvegarde
./saves/Save1.txt
#Labyrinthe
Seed
1583912185
#Player
PV
500
PVMax
500
Coord_Pl_Salle
586 355
Coord_Pl_Lab
1 0
Damage
100000
NbObjets
0
#Inventaire
#Salles
#Explorer
1 1 0 0 1 0 0 0
0 0 0 0 0 0 0 0 0 0 0 0 0 0 0 0 0 0 0 0 
0 1 4 3 3 2 2 2 3 3 3 1 2 2 2 4 2 3 4 0 
0 2 1 4 1 2 4 3 4 2 4 1 1 4 2 4 2 4 1 0 
0 3 1 4 1 3 4 3 1 1 2 2 4 1 3 4 1 4 1 0 
0 4 2 1 1 1 1 1 1 2 4 2 1 1 1 1 4 1 4 0 
0 3 3 4 3 1 1 2 1 3 2 1 2 2 1 3 2 1 4 0 
0 3 2 4 4 1 1 1 1 1 1 4 2 4 2 4 3 1 4 0 
0 3 2 1 2 3 1 3 1 1 2 2 2 1 4 3 4 4 3 0 
0 4 4 4 1 4 3 2 4 1 1 2 1 1 1 2 1 2 1 0 
0 1 4 1 2 1 2 3 1 2 1 4 1 3 4 4 2 4 3 0 
0 1 1 2 1 1 4 1 1 4 2 1 1 2 2 4 2 3 1 0 
0 4 1 1 1 1 1 1 3 4 4 1 3 2 1 3 4 1 3 0 
0 3 1 4 2 2 4 2 4 1 1 1 3 1 4 3 2 4 3 0 
0 2 4 2 1 3 2 3 1 2 1 4 2 3 2 2 2 3 3 0 
0 0 0 0 0 0 0 0 0 0 0 0 0 0 0 0 0 0 0 0 

1 2 0 0 1 1 0 0
0 0 0 0 0 0 0 0 0 0 0 0 0 0 0 0 0 0 0 0 
0 2 4 2 2 4 3 1 1 2 3 2 2 2 3 1 3 3 4 0 
0 4 1 4 1 1 3 2 3 4 3 1 2 1 2 1 3 3 4 0 
0 1 3 4 2 2 1 3 3 3 4 1 1 3 4 1 2 4 1 0 
0 4 1 4 3 3 4 4 3 1 4 1 3 3 1 2 3 3 3 0 
0 3 1 1 2 4 1 2 2 4 3 3 3 3 2 3 2 4 1 0 
0 1 3 3 1 2 4 4 1 4 1 3 2 3 1 3 3 2 2 0 
0 3 4 4 2 2 2 4 4 4 2 2 3 2 2 2 4 3 3 0 
0 3 2 3 3 2 1 4 4 2 2 2 3 4 4 2 3 1 3 0 
0 4 4 3 3 1 4 2 2 1 3 1 3 1 4 4 4 2 1 0 
0 4 1 4 1 3 1 4 2 4 1 4 4 4 3 3 2 2 3 0 
0 1 3 4 1 1 1 4 1 4 3 4 1 4 4 1 3 4 3 0 
0 4 3 4 3 4 3 3 3 2 1 4 3 4 4 1 3 4 1 0 
0 3 3 1 2 2 1 2 1 4 3 3 3 1 2 2 1 1 1 0 
0 0 0 0 0 0 0 0 0 0 0 0 0 0 0 0 0 0 0 0 

0 2 0 1 0 1 0 2
0 0 0 0 0 0 0 0 0 0 0 0 0 0 0 0 0 0 0 0 
0 1 4 2 3 3 3 1 4 3 2 4 2 4 2 4 1 4 1 0 
0 1 4 1 3 2 3 3 4 4 4 2 4 2 2 4 3 4 2 0 
0 1 4 1 3 2 4 4 1 1 4 1 4 4 1 3 1 4 4 0 
0 3 2 4 3 1 1 2 2 2 1 1 1 2 1 1 2 4 2 0 
0 1 3 2 2 2 3 1 2 3 4 2 2 3 4 3 2 2 4 0 
0 2 4 1 3 4 1 4 2 2 4 3 1 1 4 3 2 1 1 0 
0 4 1 2 3 4 3 4 3 2 3 4 4 2 2 3 2 4 2 0 
0 3 3 3 4 2 2 4 2 1 2 4 1 2 3 1 3 1 1 0 
0 1 1 3 3 3 2 2 4 3 4 1 3 1 3 1 4 2 3 0 
0 1 1 4 1 3 3 1 4 2 1 3 2 1 3 2 3 1 4 0 
0 1 2 3 3 1 4 1 2 2 2 1 4 4 1 4 3 1 2 0 
0 2 1 2 3 1 4 4 2 2 2 4 3 1 4 4 4 3 1 0 
0 3 3 2 4 4 2 3 3 2 3 2 2 4 3 2 1 1 2 0 
0 0 0 0 0 0 0 0 0 0 0 0 0 0 0 0 0 0 0 0 

129 125 54 259 312 100 100 1 50 50 0
23 169 61 313 504 100 100 1 50 50 0
0 0 0 0 0 0 0 0
0 0 0 0 0 0 0 0 0 0 0 0 0 0 0 0 0 0 0 0 
0 3 2 4 4 3 4 2 2 3 4 3 4 2 2 1 4 1 1 0 
0 3 3 3 1 3 4 3 3 4 3 1 2 4 3 4 3 3 2 0 
0 2 4 3 4 3 2 3 1 3 3 4 3 3 2 2 1 3 4 0 
0 1 1 2 4 3 2 2 2 1 1 4 3 2 1 2 4 4 4 0 
0 1 3 4 4 1 3 2 4 1 3 4 3 2 4 3 4 4 1 0 
0 1 1 2 1 1 1 3 2 1 4 1 4 4 2 2 3 1 3 0 
0 2 2 2 2 1 1 4 2 1 2 1 4 2 2 4 3 2 4 0 
0 3 1 1 3 4 1 2 3 2 4 2 2 2 3 4 3 4 4 0 
0 3 3 1 3 4 2 2 1 3 1 3 4 4 1 4 4 3 4 0 
0 1 4 2 2 3 3 4 4 1 3 2 4 2 1 2 2 3 1 0 
0 3 1 1 1 1 3 1 1 3 4 4 1 3 4 1 1 2 3 0 
0 3 1 3 4 3 4 3 4 4 1 1 3 1 4 3 2 4 3 0 
0 4 4 3 3 4 3 3 2 2 3 2 3 2 1 3 4 4 1 0 
0 0 0 0 0 0 0 0 0 0 0 0 0 0 0 0 0 0 0 0 

0 1 0 0 1 0 0 1
0 0 0 0 0 0 0 0 0 0 0 0 0 0 0 0 0 0 0 0 
0 3 2 4 3 2 1 1 3 4 3 4 3 1 3 3 4 1 2 0 
0 2 4 3 3 2 1 2 3 1 4 2 4 1 1 1 4 3 3 0 
0 4 3 1 3 1 4 2 1 2 4 4 3 1 1 2 3 4 3 0 
0 3 1 2 3 4 3 2 4 3 3 4 1 1 3 3 1 2 3 0 
0 4 3 4 1 2 3 3 2 4 4 4 3 3 3 3 4 1 2 0 
0 2 3 2 1 1 1 1 1 3 4 1 4 2 4 2 1 4 3 0 
0 4 3 4 3 2 4 1 4 2 3 3 2 4 1 4 1 1 4 0 
0 1 1 4 4 4 4 3 2 3 1 2 3 3 1 1 3 3 2 0 
0 2 3 2 3 1 4 4 1 4 4 1 4 3 2 1 3 1 4 0 
0 2 3 1 1 3 3 3 2 3 3 4 2 4 1 4 1 3 1 0 
0 1 2 1 4 1 1 4 4 2 4 2 2 3 3 1 4 3 3 0 
0 2 1 4 4 3 3 1 3 3 1 3 1 1 3 3 1 3 3 0 
0 1 2 2 3 1 3 4 3 2 4 2 4 3 3 1 2 3 3 0 
0 0 0 0 0 0 0 0 0 0 0 0 0 0 0 0 0 0 0 0 

113 198 218 162 254 1557 1557 1 338 121 1
0 2 0 0 1 1 1 2
0 0 0 0 0 0 0 0 0 0 0 0 0 0 0 0 0 0 0 0 
0 4 1 1 1 1 3 4 1 4 2 3 4 4 4 3 3 3 2 0 
0 1 4 3 4 4 2 3 4 3 4 1 3 4 4 3 4 4 3 0 
0 2 3 3 2 4 2 1 4 1 3 2 3 4 2 2 2 1 1 0 
0 4 3 1 2 2 1 4 2 4 3 1 3 1 3 2 4 4 1 0 
0 1 4 4 1 3 1 3 2 3 4 4 3 1 3 2 1 4 3 0 
0 1 4 4 4 2 1 2 2 3 3 1 2 4 1 1 3 1 3 0 
0 4 3 1 2 3 4 4 3 2 1 3 1 4 3 4 3 2 1 0 
0 3 3 3 1 2 3 2 1 4 3 3 4 1 2 3 1 3 1 0 
0 4 3 3 1 3 1 2 2 3 1 1 4 2 3 2 4 4 3 0 
0 2 1 3 1 3 2 1 4 3 3 4 2 3 4 4 1 4 2 0 
0 1 1 4 3 2 4 2 3 2 3 2 1 2 3 2 4 4 4 0 
0 1 4 3 4 2 3 1 4 2 4 4 1 1 4 2 4 2 3 0 
0 3 3 1 1 1 2 1 2 4 2 2 3 2 2 2 4 1 3 0 
0 0 0 0 0 0 0 0 0 0 0 0 0 0 0 0 0 0 0 0 

0 561 135 0
111 251 194 440 519 100 100 1 50 50 0
144 41 22 300 464 100 100 1 50 50 0
0 2 0 1 0 1 1 1
0 0 0 0 0 0 0 0 0 0 0 0 0 0 0 0 0 0 0 0 
0 4 3 1 4 2 3 1 3 1 4 4 4 4 3 4 4 4 2 0 
0 2 2 4 4 1 3 2 2 2 2 3 3 3 2 1 4 2 2 0 
0 2 2 1 2 1 4 2 1 2 1 4 1 3 1 3 2 4 3 0 
0 1 1 4 2 3 3 4 1 4 4 4 1 2 1 2 2 3 3 0 
0 1 4 3 2 4 2 3 2 2 1 4 1 3 4 1 3 1 3 0 
0 1 4 4 4 3 3 1 4 4 2 1 2 4 1 1 2 3 4 0 
0 3 1 2 4 1 1 4 3 4 1 1 4 3 1 3 2 1 1 0 
0 1 1 1 4 2 1 1 2 2 1 3 4 4 2 4 1 1 4 0 
0 1 1 2 4 1 3 3 3 3 1 1 3 2 1 3 2 4 1 0 
0 2 4 2 3 4 4 2 3 1 1 4 2 4 4 2 2 4 2 0 
0 4 2 4 2 3 4 1 4 4 3 1 3 3 2 2 4 1 1 0 
0 4 2 4 4 3 3 1 2 2 2 3 1 3 2 3 3 4 1 0 
0 2 4 4 2 2 4 4 1 1 2 4 1 2 3 3 1 3 1 0 
0 0 0 0 0 0 0 0 0 0 0 0 0 0 0 0 0 0 0 0 

0 857 548 0
10 200 168 794 507 100 100 1 50 50 0
0 0 0 0 0 0 0 0
0 0 0 0 0 0 0 0 0 0 0 0 0 0 0 0 0 0 0 0 
0 1 1 3 3 4 2 4 2 1 3 2 2 4 1 2 2 4 4 0 
0 2 2 4 1 4 2 1 4 2 1 3 3 4 3 4 2 1 3 0 
0 4 4 4 4 3 1 1 2 2 3 3 1 2 1 2 2 1 1 0 
0 3 1 1 4 1 3 2 4 1 1 2 2 4 1 1 3 4 3 0 
0 4 1 1 1 3 3 1 4 3 2 1 3 2 3 3 2 2 4 0 
0 4 4 3 1 4 4 2 3 4 2 2 4 1 1 4 1 1 2 0 
0 3 1 1 2 2 2 4 3 4 3 1 2 2 4 1 4 4 4 0 
0 4 1 3 3 3 4 2 3 4 1 3 4 2 1 4 3 2 1 0 
0 4 2 3 3 4 3 4 1 3 4 4 2 4 3 3 2 2 1 0 
0 1 3 3 4 4 1 3 1 1 2 3 3 2 2 4 4 1 3 0 
0 3 4 3 1 4 2 2 3 1 4 4 2 4 4 4 2 3 3 0 
0 2 1 4 3 2 2 1 3 4 4 2 4 2 4 3 4 4 2 0 
0 1 2 4 1 1 3 2 1 2 2 2 4 4 4 4 3 2 1 0 
0 0 0 0 0 0 0 0 0 0 0 0 0 0 0 0 0 0 0 0 

0 0 0 0 0 0 0 0
0 0 0 0 0 0 0 0 0 0 0 0 0 0 0 0 0 0 0 0 
0 1 2 3 4 1 1 3 2 4 1 1 4 3 1 1 2 2 1 0 
0 1 3 1 2 4 3 2 4 2 1 2 3 2 2 4 4 1 4 0 
0 4 3 1 4 4 1 3 2 1 3 3 2 3 3 1 4 1 4 0 
0 2 2 3 3 2 1 1 3 2 4 3 3 3 2 1 3 1 4 0 
0 3 3 1 3 1 4 1 4 2 1 3 2 4 4 3 3 2 1 0 
0 3 2 3 4 1 1 2 3 3 3 1 3 2 3 2 3 1 2 0 
0 2 1 1 3 1 3 1 1 2 3 3 3 3 1 4 2 4 4 0 
0 2 2 2 4 4 2 3 1 4 4 3 1 1 4 1 2 3 2 0 
0 4 3 2 2 1 4 4 4 4 4 1 3 3 2 4 1 2 3 0 
0 2 4 4 2 3 2 2 3 2 2 4 4 3 4 2 4 1 2 0 
0 3 4 1 2 3 1 1 2 3 4 2 4 3 3 3 2 4 1 0 
0 3 1 3 4 3 3 3 1 2 4 1 2 2 3 1 2 1 4 0 
0 3 1 1 1 4 2 4 2 4 2 3 4 2 2 4 4 1 2 0 
0 0 0 0 0 0 0 0 0 0 0 0 0 0 0 0 0 0 0 0 

0 2 1 1 0 0 2 1
0 0 0 0 0 0 0 0 0 0 0 0 0 0 0 0 0 0 0 0 
0 2 4 3 3 3 3 4 4 1 1 2 1 4 4 1 4 4 1 0 
0 1 3 2 4 4 1 3 1 2 3 4 2 4 2 1 2 4 4 0 
0 4 4 3 1 4 4 1 3 3 2 2 2 2 2 4 3 1 3 0 
0 3 4 3 4 2 3 2 1 4 2 3 3 1 2 2 4 2 1 0 
0 3 3 3 2 4 4 3 1 1 3 3 2 1 2 1 4 1 2 0 
0 2 2 2 1 4 4 3 4 2 1 3 3 1 2 1 4 3 4 0 
0 3 1 4 4 3 3 1 4 4 1 3 4 2 4 2 3 4 1 0 
0 3 2 4 4 2 3 2 3 4 3 2 2 2 4 2 2 3 1 0 
0 4 3 4 3 3 2 2 4 1 3 3 4 3 1 1 3 4 3 0 
0 1 1 1 4 3 2 1 1 1 2 2 4 2 1 2 1 3 1 0 
0 2 4 4 2 3 2 1 1 2 2 3 1 4 3 2 4 2 4 0 
0 1 2 4 1 4 1 4 1 1 2 2 3 2 3 3 1 1 1 0 
0 3 1 1 4 2 4 1 1 2 2 4 4 1 4 1 1 1 4 0 
0 0 0 0 0 0 0 0 0 0 0 0 0 0 0 0 0 0 0 0 

0 292 164 0
0 547 241 0
151 113 138 469 467 100 100 1 50 50 0
0 0 0 0 0 0 0 0
0 0 0 0 0 0 0 0 0 0 0 0 0 0 0 0 0 0 0 0 
0 2 4 3 3 1 2 2 2 2 3 2 2 2 2 1 2 3 2 0 
0 3 3 3 3 4 1 2 2 1 2 4 1 4 1 4 2 3 1 0 
0 3 1 2 4 3 3 1 4 4 2 2 3 3 4 1 1 2 4 0 
0 2 4 1 2 1 4 2 4 4 2 1 3 2 4 3 3 3 1 0 
0 1 4 4 4 1 1 2 3 1 2 3 2 2 4 1 2 2 2 0 
0 2 3 1 1 4 2 3 1 1 1 3 3 1 3 2 1 3 2 0 
0 1 4 4 1 2 3 3 3 2 3 4 3 4 1 2 1 2 1 0 
0 2 4 2 2 1 4 4 1 3 2 1 1 3 2 4 3 2 1 0 
0 1 4 3 2 3 3 1 2 3 2 2 4 2 3 4 3 4 4 0 
0 3 4 4 1 1 1 1 3 2 4 1 3 1 1 3 3 3 1 0 
0 1 3 2 4 4 4 3 1 2 2 4 2 1 2 1 1 2 1 0 
0 1 2 3 2 1 4 4 1 4 2 4 2 2 4 4 4 3 3 0 
0 3 2 4 4 3 3 1 4 4 1 4 1 1 4 2 4 1 2 0 
0 0 0 0 0 0 0 0 0 0 0 0 0 0 0 0 0 0 0 0 

0 0 0 0 0 0 0 0
0 0 0 0 0 0 0 0 0 0 0 0 0 0 0 0 0 0 0 0 
0 3 4 3 2 2 2 4 3 1 3 2 4 2 4 1 1 4 3 0 
0 3 4 2 2 1 1 2 1 4 3 4 4 4 2 4 2 4 1 0 
0 3 3 3 4 1 1 3 2 4 3 2 3 1 4 3 3 1 3 0 
0 3 2 3 3 4 3 2 4 4 1 1 3 1 4 1 4 3 2 0 
0 4 1 3 3 3 1 2 3 4 4 1 1 2 4 2 4 2 2 0 
0 2 3 1 2 4 1 4 4 4 1 3 2 2 2 2 4 1 4 0 
0 4 2 3 4 1 3 4 2 2 1 1 3 2 3 2 2 4 1 0 
0 3 3 4 2 3 3 4 4 4 1 4 4 1 3 1 3 2 1 0 
0 1 1 2 3 2 3 1 3 1 2 1 4 2 3 2 2 4 1 0 
0 4 3 4 3 4 3 3 4 2 3 2 3 4 2 4 1 4 1 0 
0 3 1 3 3 2 3 2 4 1 4 1 1 4 4 3 3 2 2 0 
0 2 4 1 3 3 2 1 2 4 4 2 3 4 1 3 3 3 1 0 
0 1 1 4 2 4 4 2 3 3 4 1 4 2 2 4 2 4 2 0 
0 0 0 0 0 0 0 0 0 0 0 0 0 0 0 0 0 0 0 0 

0 0 0 0 0 0 0 0
0 0 0 0 0 0 0 0 0 0 0 0 0 0 0 0 0 0 0 0 
0 4 1 3 3 4 4 1 4 4 4 2 3 4 2 3 3 3 2 0 
0 2 4 4 4 4 4 3 1 2 2 2 1 3 1 1 1 3 1 0 
0 1 4 4 4 3 1 2 2 2 4 4 1 1 1 4 4 4 3 0 
0 4 2 3 1 4 1 1 2 1 2 3 4 2 3 3 1 2 1 0 
0 1 4 2 2 3 1 2 4 1 2 3 4 4 2 1 3 2 4 0 
0 3 3 2 3 4 4 2 1 2 4 1 3 4 1 2 1 2 1 0 
0 1 4 4 1 1 2 4 4 4 1 2 1 4 4 3 1 3 2 0 
0 4 4 2 1 4 2 4 3 2 1 4 4 1 4 3 4 1 3 0 
0 2 4 2 1 4 4 1 4 3 4 4 1 1 4 1 3 4 4 0 
0 4 3 2 2 4 1 1 4 1 3 4 1 1 1 4 2 1 4 0 
0 1 1 3 4 4 2 4 1 1 4 3 1 3 2 3 1 3 2 0 
0 1 3 2 1 1 1 1 1 1 1 3 1 4 3 1 2 2 1 0 
0 3 2 1 4 1 3 4 4 4 2 4 3 4 4 1 1 1 2 0 
0 0 0 0 0 0 0 0 0 0 0 0 0 0 0 0 0 0 0 0 

0 2 1 1 0 0 1 1
0 0 0 0 0 0 0 0 0 0 0 0 0 0 0 0 0 0 0 0 
0 1 1 2 1 1 4 1 4 3 1 1 4 1 4 1 1 3 2 0 
0 3 2 1 3 3 4 1 2 3 1 2 3 2 2 4 4 2 4 0 
0 3 2 4 1 3 4 1 3 3 1 4 1 2 2 2 2 4 1 0 
0 1 4 2 4 1 4 2 2 1 1 1 3 1 4 4 4 4 2 0 
0 3 4 1 2 1 4 2 2 1 4 4 1 4 4 4 1 3 4 0 
0 4 1 2 1 1 2 3 1 1 2 4 1 4 3 4 4 4 4 0 
0 3 1 2 3 4 1 3 3 4 3 4 3 2 3 3 3 3 3 0 
0 1 1 4 1 3 3 1 2 1 1 1 4 4 3 1 1 1 4 0 
0 1 4 3 1 2 2 3 3 4 1 2 3 3 2 3 2 2 1 0 
0 1 3 2 1 3 2 1 2 4 1 3 1 4 3 4 2 3 1 0 
0 3 1 3 3 1 4 1 4 1 3 1 3 4 1 1 1 2 3 0 
0 3 2 4 2 2 2 2 1 1 1 3 3 1 1 4 4 3 4 0 
0 3 3 3 4 2 4 2 1 4 2 1 1 4 3 2 3 1 3 0 
0 0 0 0 0 0 0 0 0 0 0 0 0 0 0 0 0 0 0 0 

0 193 535 0
145 164 233 217 403 100 100 1 50 50 0
0 1 0 1 0 0 1 2
0 0 0 0 0 0 0 0 0 0 0 0 0 0 0 0 0 0 0 0 
0 2 1 2 1 3 4 4 4 3 1 4 3 2 1 3 1 3 1 0 
0 3 3 3 3 1 2 3 3 3 2 1 1 3 3 1 4 3 3 0 
0 4 2 3 2 2 2 4 3 2 3 3 1 3 1 3 1 4 3 0 
0 3 2 1 1 3 2 1 2 4 1 1 2 4 4 3 2 2 4 0 
0 3 1 2 1 3 4 1 1 4 3 2 3 2 4 1 2 4 3 0 
0 3 1 4 2 1 1 3 4 4 1 1 1 4 4 2 1 4 4 0 
0 4 4 1 4 2 2 2 3 1 2 1 4 1 3 4 4 1 1 0 
0 4 3 4 4 4 1 4 3 4 1 4 3 1 3 2 1 2 3 0 
0 2 4 2 2 1 2 1 1 4 1 1 4 1 4 3 4 3 2 0 
0 4 3 4 3 3 3 1 3 2 2 3 3 1 4 2 2 1 3 0 
0 3 2 3 2 2 3 2 2 3 4 1 1 1 1 3 4 3 2 0 
0 3 4 4 4 1 3 2 1 2 4 2 3 2 4 4 4 2 1 0 
0 3 3 2 1 2 2 1 2 2 4 1 1 1 3 4 4 2 4 0 
0 0 0 0 0 0 0 0 0 0 0 0 0 0 0 0 0 0 0 0 

0 50 55 0
155 120 54 546 404 100 100 1 50 50 0
248 78 161 454 470 100 100 1 50 50 0
0 0 0 0 0 0 0 0
0 0 0 0 0 0 0 0 0 0 0 0 0 0 0 0 0 0 0 0 
0 2 2 4 2 2 4 3 3 1 1 4 3 1 4 1 1 4 2 0 
0 4 3 1 3 4 2 1 4 2 1 1 4 2 2 1 1 3 3 0 
0 4 1 1 4 2 4 2 2 3 3 3 2 4 2 4 4 4 4 0 
0 2 1 3 3 1 4 2 3 1 3 3 4 1 3 4 1 2 1 0 
0 4 4 3 2 2 1 3 1 2 2 1 2 1 2 2 4 4 2 0 
0 3 1 4 3 3 3 2 3 1 2 3 2 2 2 1 4 3 2 0 
0 4 1 3 2 3 3 3 3 4 4 2 3 1 4 3 1 3 2 0 
0 3 4 4 3 1 3 4 3 4 1 2 3 2 2 3 4 3 1 0 
0 2 1 4 1 4 1 3 4 1 2 4 3 3 2 2 2 4 3 0 
0 4 4 1 4 4 2 2 1 3 4 1 1 1 2 1 4 3 4 0 
0 4 1 4 4 2 3 2 4 1 4 2 4 2 1 3 2 4 2 0 
0 3 1 3 2 1 3 2 1 4 3 4 2 2 3 3 1 3 4 0 
0 4 4 4 4 3 1 3 4 1 2 1 1 3 4 1 1 1 1 0 
0 0 0 0 0 0 0 0 0 0 0 0 0 0 0 0 0 0 0 0 

0 2 1 1 0 0 1 1
0 0 0 0 0 0 0 0 0 0 0 0 0 0 0 0 0 0 0 0 
0 3 2 1 3 4 4 4 2 3 2 2 1 2 1 4 1 4 3 0 
0 1 3 2 1 4 3 1 2 2 2 3 2 2 1 3 3 3 3 0 
0 2 3 4 4 4 1 4 1 2 4 1 1 2 1 3 3 2 2 0 
0 1 2 4 2 3 2 3 1 2 2 3 1 4 4 3 3 4 2 0 
0 3 3 3 4 2 3 1 3 4 3 2 1 1 2 2 4 4 1 0 
0 1 2 1 2 3 3 2 2 2 4 4 1 2 3 4 4 2 1 0 
0 2 2 4 1 1 1 1 1 2 3 4 1 3 4 3 3 1 1 0 
0 1 3 3 2 2 2 3 3 4 2 2 2 2 4 3 1 4 3 0 
0 1 1 3 3 3 2 3 1 1 1 3 2 2 3 4 4 4 1 0 
0 1 2 4 1 3 1 2 1 4 4 1 4 3 2 4 1 4 2 0 
0 3 2 2 3 3 4 4 4 2 3 3 1 4 3 3 3 3 1 0 
0 3 4 1 3 4 2 2 2 3 1 2 2 2 4 3 3 3 1 0 
0 2 2 4 3 1 2 3 4 1 1 2 3 2 4 3 2 2 2 0 
0 0 0 0 0 0 0 0 0 0 0 0 0 0 0 0 0 0 0 0 

0 729 627 0
135 231 226 745 396 100 100 1 50 50 0
0 0 0 0 0 0 0 0
0 0 0 0 0 0 0 0 0 0 0 0 0 0 0 0 0 0 0 0 
0 2 2 4 3 1 1 3 3 3 4 4 1 3 2 2 1 1 3 0 
0 1 4 3 2 1 4 1 4 4 1 2 1 4 4 3 4 2 3 0 
0 4 4 1 2 4 4 3 2 1 4 2 1 2 2 1 1 4 1 0 
0 4 4 4 3 4 2 3 4 1 1 3 2 3 2 2 3 4 1 0 
0 2 2 2 2 1 3 3 2 1 3 2 4 3 1 3 3 3 2 0 
0 4 2 1 4 2 3 1 1 1 2 3 4 2 1 1 3 2 1 0 
0 2 4 2 2 2 4 1 1 4 3 3 3 4 2 4 1 1 1 0 
0 3 1 1 3 3 4 2 4 4 2 3 1 2 4 1 4 1 2 0 
0 3 1 2 2 3 4 4 2 1 3 2 1 4 1 2 4 3 4 0 
0 3 1 3 2 2 1 3 4 4 3 3 4 4 1 4 2 2 2 0 
0 1 2 4 2 4 1 2 3 1 3 3 4 2 1 4 1 3 1 0 
0 1 1 4 1 3 2 4 2 2 4 3 4 1 4 1 4 1 4 0 
0 1 2 3 1 1 1 4 2 1 3 2 3 4 3 3 3 3 1 0 
0 0 0 0 0 0 0 0 0 0 0 0 0 0 0 0 0 0 0 0 

0 2 0 1 1 0 0 2
0 0 0 0 0 0 0 0 0 0 0 0 0 0 0 0 0 0 0 0 
0 1 2 3 2 1 1 1 2 4 1 1 4 1 1 2 3 2 2 0 
0 3 1 3 3 4 1 2 3 3 4 1 1 1 1 2 3 3 3 0 
0 3 3 4 3 4 4 2 4 1 3 2 2 4 4 2 3 2 1 0 
0 3 3 3 1 3 4 1 3 4 2 1 2 4 3 1 3 1 4 0 
0 3 3 3 3 1 4 4 1 3 1 3 4 2 1 3 4 1 1 0 
0 3 1 3 3 2 3 4 2 1 4 4 2 3 2 4 1 4 4 0 
0 4 3 4 2 4 2 2 1 2 4 4 2 4 3 2 2 1 4 0 
0 4 4 1 4 4 4 1 2 2 4 3 1 4 2 4 3 4 3 0 
0 1 1 3 2 4 2 4 3 4 1 4 4 4 3 4 4 2 3 0 
0 4 3 4 1 2 2 1 1 4 4 4 3 2 4 3 4 1 2 0 
0 2 4 4 1 1 3 1 4 1 4 4 2 2 3 4 1 3 2 0 
0 3 3 2 2 3 1 4 4 4 2 4 1 3 1 4 2 1 4 0 
0 4 1 4 4 4 3 1 1 1 1 2 3 2 4 1 3 1 3 0 
0 0 0 0 0 0 0 0 0 0 0 0 0 0 0 0 0 0 0 0 

152 2 216 277 360 100 100 1 50 50 0
253 153 77 454 350 100 100 1 50 50 0
0 2 0 0 1 1 2 2
0 0 0 0 0 0 0 0 0 0 0 0 0 0 0 0 0 0 0 0 
0 2 2 3 2 3 2 4 4 4 3 2 1 1 4 2 2 1 4 0 
0 3 3 3 1 2 3 3 4 4 4 2 4 4 3 1 3 4 4 0 
0 4 3 3 3 1 4 3 1 3 4 2 4 4 1 2 2 1 4 0 
0 4 3 3 4 3 1 3 2 3 3 4 3 2 3 1 1 1 2 0 
0 4 4 2 3 3 4 2 2 4 3 3 4 2 3 2 1 2 4 0 
0 1 4 2 3 2 1 1 4 4 2 4 4 3 3 3 4 1 2 0 
0 3 2 3 2 1 2 1 2 4 3 2 1 2 2 4 3 1 1 0 
0 4 1 4 3 2 3 2 4 2 1 4 2 2 2 4 4 4 4 0 
0 1 4 1 4 2 3 4 4 4 3 2 4 4 1 1 3 3 2 0 
0 2 1 2 3 1 1 4 2 2 3 1 1 2 2 1 3 1 2 0 
0 1 1 1 4 3 3 4 2 3 4 1 2 1 2 2 2 4 2 0 
0 2 3 3 4 2 3 4 3 4 4 1 1 2 1 1 2 1 3 0 
0 4 4 1 3 3 1 4 3 2 1 1 1 2 2 3 4 1 4 0 
0 0 0 0 0 0 0 0 0 0 0 0 0 0 0 0 0 0 0 0 

0 466 156 0
0 354 216 0
85 68 52 376 304 100 100 1 50 50 0
100 179 55 677 350 100 100 1 50 50 0
0 3 1 1 0 1 0 2
0 0 0 0 0 0 0 0 0 0 0 0 0 0 0 0 0 0 0 0 
0 1 4 1 4 3 1 3 1 1 1 2 1 4 3 1 3 4 3 0 
0 2 3 1 4 3 4 4 2 3 2 3 1 1 3 1 1 2 3 0 
0 1 1 3 2 1 4 2 4 2 2 2 1 1 3 4 1 2 2 0 
0 4 1 3 2 3 1 3 3 4 3 3 1 1 3 1 4 4 2 0 
0 3 1 1 1 3 3 1 3 1 4 3 3 1 2 3 4 4 1 0 
0 4 2 3 3 4 1 4 4 4 4 3 3 1 2 4 2 2 2 0 
0 4 2 4 4 2 2 2 2 3 1 1 2 1 1 3 4 3 2 0 
0 4 2 2 3 2 4 2 2 1 1 3 2 2 2 4 1 2 1 0 
0 2 3 2 4 3 3 2 4 3 4 3 1 2 2 3 3 1 4 0 
0 2 2 1 3 2 4 4 3 1 3 3 2 3 4 1 1 3 3 0 
0 3 4 2 1 4 4 1 1 2 3 3 2 2 4 3 3 2 4 0 
0 2 2 2 2 4 4 4 3 3 4 3 1 2 1 1 4 1 4 0 
0 3 1 4 4 4 2 1 1 1 3 3 3 2 4 4 3 2 3 0 
0 0 0 0 0 0 0 0 0 0 0 0 0 0 0 0 0 0 0 0 

239 30 35 496 304 100 100 1 50 50 0
13 159 233 762 497 100 100 1 50 50 0
0 2 1 1 0 0 0 2
0 0 0 0 0 0 0 0 0 0 0 0 0 0 0 0 0 0 0 0 
0 3 4 1 2 2 3 1 1 1 2 4 3 2 4 2 1 3 2 0 
0 2 1 2 1 4 1 3 3 3 1 1 2 3 3 2 3 4 3 0 
0 1 1 4 2 2 3 4 4 2 1 4 4 3 1 1 4 2 4 0 
0 1 4 2 3 4 2 1 2 4 2 1 4 4 1 4 3 2 1 0 
0 1 1 4 3 2 4 2 4 4 2 3 1 1 3 1 2 2 4 0 
0 3 2 2 3 3 2 2 2 2 1 1 4 1 1 4 1 3 1 0 
0 4 1 4 3 2 3 4 3 1 4 4 2 3 3 3 4 1 1 0 
0 1 2 3 3 2 3 2 2 3 1 2 2 2 1 2 1 4 3 0 
0 3 3 1 4 2 1 1 4 3 4 4 3 4 4 4 2 2 1 0 
0 4 3 2 3 4 4 4 1 4 1 1 3 3 4 1 4 3 2 0 
0 4 3 2 2 2 1 4 2 4 3 3 2 3 3 4 4 1 3 0 
0 3 4 3 3 4 4 1 2 3 2 1 1 3 4 3 4 1 1 0 
0 4 4 2 4 2 4 1 4 2 4 4 2 3 2 1 1 4 4 0 
0 0 0 0 0 0 0 0 0 0 0 0 0 0 0 0 0 0 0 0 

76 128 56 585 473 100 100 1 50 50 0
254 60 128 401 411 100 100 1 50 50 0
0 0 0 0 0 0 0 0
0 0 0 0 0 0 0 0 0 0 0 0 0 0 0 0 0 0 0 0 
0 2 2 4 4 3 1 4 3 4 4 3 1 1 4 3 3 3 4 0 
0 3 2 1 3 1 2 4 2 1 4 4 3 2 1 4 2 4 2 0 
0 2 3 4 1 2 2 2 3 1 4 1 4 3 3 1 3 1 1 0 
0 1 4 3 1 3 2 3 1 2 2 2 1 3 3 3 3 3 1 0 
0 4 4 3 1 3 3 4 1 1 4 4 1 1 4 4 3 4 2 0 
0 4 2 2 1 3 3 1 1 1 3 3 4 3 3 3 1 3 2 0 
0 3 2 2 3 1 1 3 1 4 2 3 3 4 2 4 1 2 2 0 
0 4 2 3 4 1 1 3 3 3 2 4 1 3 2 2 4 1 3 0 
0 1 3 3 4 1 2 3 4 3 2 4 1 4 3 2 2 3 2 0 
0 2 1 1 1 2 4 1 4 1 3 4 1 1 4 4 3 3 4 0 
0 4 1 3 3 3 2 3 2 1 4 3 3 2 4 3 2 4 1 0 
0 1 1 4 1 3 3 2 3 2 1 1 1 4 1 1 2 3 3 0 
0 3 1 4 3 4 2 1 1 2 4 2 1 4 2 1 3 3 3 0 
0 0 0 0 0 0 0 0 0 0 0 0 0 0 0 0 0 0 0 0 

0 2 1 1 0 0 0 2
0 0 0 0 0 0 0 0 0 0 0 0 0 0 0 0 0 0 0 0 
0 2 4 1 3 4 2 3 3 2 4 4 4 2 2 4 2 1 3 0 
0 3 1 4 4 4 1 1 3 3 1 2 1 4 3 4 4 1 3 0 
0 1 4 1 2 3 4 1 4 1 4 1 1 3 4 2 2 3 1 0 
0 2 3 4 4 4 1 4 3 3 3 2 3 1 3 2 1 4 4 0 
0 4 1 4 1 4 4 1 2 3 2 3 2 3 1 4 2 4 3 0 
0 2 4 1 4 2 3 2 3 1 4 3 4 3 3 4 2 3 4 0 
0 2 3 1 4 1 4 1 3 4 1 4 3 3 1 2 4 4 4 0 
0 2 1 2 2 4 4 1 3 2 1 4 4 4 1 3 4 1 3 0 
0 3 1 1 2 1 4 1 4 4 2 3 3 1 4 3 2 1 3 0 
0 2 1 1 3 1 4 3 4 1 1 4 1 3 2 1 3 4 2 0 
0 2 4 1 1 1 3 3 2 2 1 3 2 3 4 2 3 3 3 0 
0 3 1 2 3 1 1 3 3 3 3 1 2 4 2 1 4 2 1 0 
0 2 4 2 3 4 1 4 3 4 2 1 2 4 3 2 1 1 2 0 
0 0 0 0 0 0 0 0 0 0 0 0 0 0 0 0 0 0 0 0 

184 123 126 499 245 100 100 1 50 50 0
155 106 234 717 256 100 100 1 50 50 0
0 0 0 0 0 0 0 0
0 0 0 0 0 0 0 0 0 0 0 0 0 0 0 0 0 0 0 0 
0 3 4 3 2 1 3 4 4 2 1 1 2 3 2 1 2 1 2 0 
0 2 1 2 2 1 2 4 1 4 4 3 4 4 1 3 2 3 4 0 
0 1 2 3 2 2 3 3 4 4 3 2 4 4 3 4 2 4 4 0 
0 3 3 1 2 3 3 1 2 4 4 4 2 3 4 3 1 1 4 0 
0 4 3 4 3 2 1 3 1 3 2 2 2 2 1 1 2 2 3 0 
0 4 3 4 3 2 3 4 4 2 2 4 2 2 3 1 1 2 2 0 
0 1 4 2 3 1 4 4 2 4 4 3 1 2 3 3 2 1 4 0 
0 4 1 3 2 2 3 3 3 1 3 3 2 4 3 1 2 1 2 0 
0 1 1 3 4 4 2 4 2 4 3 3 4 2 2 4 1 3 2 0 
0 3 2 4 3 4 3 1 4 1 1 1 2 2 1 2 1 4 1 0 
0 2 3 2 1 1 4 4 3 2 4 3 4 1 1 1 4 3 1 0 
0 2 3 4 3 4 4 4 1 4 1 1 3 1 2 1 3 2 2 0 
0 2 2 4 3 1 2 3 1 2 3 4 4 3 2 3 2 4 2 0 
0 0 0 0 0 0 0 0 0 0 0 0 0 0 0 0 0 0 0 0 

0 2 1 1 0 0 0 1
0 0 0 0 0 0 0 0 0 0 0 0 0 0 0 0 0 0 0 0 
0 1 3 2 4 3 3 2 3 4 3 1 2 4 3 3 3 1 3 0 
0 4 3 3 1 2 2 4 4 3 2 2 2 3 2 4 1 2 2 0 
0 3 3 1 2 1 1 3 4 3 1 2 4 3 1 2 1 1 3 0 
0 3 1 3 1 2 4 3 1 1 2 1 2 4 3 1 4 4 1 0 
0 4 3 1 3 3 2 2 2 3 3 2 3 2 4 3 4 1 1 0 
0 3 3 1 3 4 1 1 3 3 1 2 2 1 2 4 1 4 3 0 
0 3 1 4 1 3 1 3 4 1 2 3 1 2 1 3 2 4 2 0 
0 2 4 1 4 4 2 1 4 3 1 1 2 3 3 2 2 3 1 0 
0 2 1 4 2 2 3 2 3 3 4 4 2 2 1 1 2 4 4 0 
0 3 1 4 2 1 4 3 3 2 1 4 4 1 1 4 4 3 2 0 
0 2 4 4 1 4 4 2 1 4 3 2 4 2 4 4 1 1 4 0 
0 4 4 2 1 4 1 4 4 1 4 3 3 1 1 3 4 1 2 0 
0 3 2 2 3 4 3 2 2 2 1 2 3 4 2 2 1 2 1 0 
0 0 0 0 0 0 0 0 0 0 0 0 0 0 0 0 0 0 0 0 

35 11 239 789 263 100 100 1 50 50 0
0 0 0 0 0 0 0 0
0 0 0 0 0 0 0 0 0 0 0 0 0 0 0 0 0 0 0 0 
0 2 2 4 2 3 3 4 4 1 3 2 2 4 3 2 2 1 1 0 
0 3 2 1 4 2 1 1 1 1 1 3 4 1 4 1 1 2 3 0 
0 3 1 2 3 3 3 4 3 2 1 4 2 1 2 4 1 1 1 0 
0 1 2 2 1 2 4 1 3 3 1 3 4 4 1 4 1 3 3 0 
0 4 2 1 1 2 4 2 2 1 1 2 1 2 2 2 3 2 4 0 
0 2 2 2 4 3 4 4 2 4 3 2 2 1 1 3 1 1 4 0 
0 4 3 1 4 3 2 1 4 3 2 2 4 1 3 2 2 3 4 0 
0 1 2 1 4 4 2 1 1 3 3 1 3 2 1 1 2 4 4 0 
0 3 4 3 1 2 1 1 2 3 2 4 1 1 4 2 1 4 2 0 
0 2 4 2 4 3 2 3 4 2 3 2 2 2 4 1 1 1 2 0 
0 1 1 4 3 2 3 4 2 2 1 2 1 2 3 1 3 3 3 0 
0 1 1 2 2 3 3 3 1 3 4 1 3 1 1 3 4 3 4 0 
0 2 2 1 4 3 2 4 4 4 4 3 2 2 3 2 4 4 1 0 
0 0 0 0 0 0 0 0 0 0 0 0 0 0 0 0 0 0 0 0 

0 2 1 1 0 0 2 1
0 0 0 0 0 0 0 0 0 0 0 0 0 0 0 0 0 0 0 0 
0 2 3 1 4 2 1 2 2 1 4 2 3 3 3 1 3 2 3 0 
0 4 2 2 4 1 4 1 3 2 3 2 2 3 3 4 3 3 1 0 
0 3 4 2 3 4 3 1 2 2 1 1 3 3 4 4 1 3 1 0 
0 4 4 3 2 2 4 3 4 2 2 2 4 2 4 4 3 2 3 0 
0 2 2 4 3 3 4 1 1 4 1 1 2 1 1 1 3 2 2 0 
0 2 4 1 3 1 2 3 2 1 2 4 2 4 1 4 3 3 2 0 
0 3 4 2 2 4 3 3 4 3 4 2 4 1 3 3 2 1 3 0 
0 3 3 4 4 4 3 1 3 4 4 2 2 1 4 1 3 1 4 0 
0 1 3 3 3 2 4 2 3 2 4 4 3 2 2 1 1 1 1 0 
0 3 2 3 2 1 4 4 2 3 4 4 3 4 4 2 2 2 3 0 
0 2 3 1 3 2 4 1 3 2 2 3 2 2 1 3 4 3 4 0 
0 4 2 1 2 1 4 1 4 3 2 2 4 4 3 2 1 1 3 0 
0 4 2 1 1 3 3 3 4 3 1 3 1 4 2 2 4 4 3 0 
0 0 0 0 0 0 0 0 0 0 0 0 0 0 0 0 0 0 0 0 

0 638 186 0
0 627 380 0
222 145 204 711 244 100 100 1 50 50 0
0 2 1 0 1 0 1 1
0 0 0 0 0 0 0 0 0 0 0 0 0 0 0 0 0 0 0 0 
0 1 2 4 4 3 2 4 2 4 2 2 3 4 4 2 1 1 2 0 
0 4 4 1 4 1 1 1 3 4 3 2 3 3 2 1 2 1 3 0 
0 4 1 4 3 2 1 1 1 1 2 1 1 3 4 4 3 4 4 0 
0 3 4 3 2 3 4 1 1 1 1 3 2 3 2 2 2 4 3 0 
0 3 4 3 3 1 3 3 3 3 2 1 2 2 4 1 4 1 3 0 
0 3 1 4 3 1 2 4 3 3 1 1 2 3 3 1 1 1 1 0 
0 4 3 3 2 4 3 3 1 2 3 4 3 2 2 3 1 1 4 0 
0 2 4 2 4 1 2 1 3 4 1 4 4 1 3 2 3 4 2 0 
0 1 2 2 3 4 2 1 1 3 3 1 3 2 2 3 4 1 3 0 
0 1 1 1 1 1 4 4 1 2 2 3 1 3 4 2 4 2 2 0 
0 1 2 2 4 4 3 2 2 4 4 1 1 2 1 1 3 1 2 0 
0 2 1 2 4 2 1 4 4 4 2 3 1 3 4 2 4 3 1 0 
0 2 4 2 2 4 2 2 1 3 2 3 3 3 1 3 1 4 4 0 
0 0 0 0 0 0 0 0 0 0 0 0 0 0 0 0 0 0 0 0 

0 205 580 0
230 55 160 587 257 100 100 1 50 50 0
0 2 0 0 1 1 1 1
0 0 0 0 0 0 0 0 0 0 0 0 0 0 0 0 0 0 0 0 
0 1 3 2 3 4 1 4 1 2 2 3 4 1 1 4 3 1 3 0 
0 3 1 2 1 4 1 2 3 3 2 3 4 4 4 2 2 2 2 0 
0 2 1 2 3 3 4 3 3 1 2 1 1 1 3 2 2 4 1 0 
0 2 1 4 4 3 2 3 2 1 1 3 2 2 1 3 3 3 1 0 
0 3 1 3 3 3 3 3 3 2 4 4 1 1 1 1 4 1 3 0 
0 1 3 1 2 3 3 3 4 3 1 3 2 1 1 2 3 3 4 0 
0 2 1 2 3 1 1 3 1 2 3 4 2 2 4 4 2 1 3 0 
0 4 4 2 3 4 4 4 1 4 1 3 2 1 4 3 2 2 3 0 
0 3 4 3 4 3 2 1 4 1 4 1 2 2 4 1 4 2 4 0 
0 3 1 4 3 2 3 4 2 2 2 3 4 4 1 3 2 4 1 0 
0 3 4 4 4 4 4 1 1 4 1 4 1 4 3 2 4 1 3 0 
0 2 4 4 3 2 2 2 1 3 1 3 2 1 1 2 1 4 1 0 
0 4 4 1 3 4 1 4 4 3 1 3 3 3 4 2 2 2 3 0 
0 0 0 0 0 0 0 0 0 0 0 0 0 0 0 0 0 0 0 0 

0 845 468 0
49 91 26 215 275 100 100 1 50 50 0
0 3 1 0 1 1 0 1
0 0 0 0 0 0 0 0 0 0 0 0 0 0 0 0 0 0 0 0 
0 4 1 4 2 1 2 4 3 1 2 4 2 4 3 1 3 3 4 0 
0 4 1 4 2 4 3 3 3 2 3 3 4 3 2 4 2 4 1 0 
0 3 3 3 3 4 3 1 4 1 1 2 3 1 2 4 4 3 3 0 
0 2 1 2 4 3 4 3 2 1 2 3 4 2 2 3 1 4 2 0 
0 3 4 1 3 1 3 1 1 4 4 4 2 3 1 2 4 4 4 0 
0 3 2 1 3 4 4 3 1 1 1 1 4 2 3 4 3 1 4 0 
0 1 2 4 4 1 3 1 3 3 2 2 3 1 4 4 2 3 3 0 
0 1 1 4 1 1 4 4 2 3 3 4 3 2 4 4 1 3 1 0 
0 3 3 3 2 4 1 4 1 4 3 2 2 2 2 2 1 2 2 0 
0 4 1 4 2 4 3 1 1 3 4 2 1 4 4 4 3 1 3 0 
0 3 4 3 2 3 4 4 4 1 1 4 2 3 3 3 2 1 2 0 
0 4 1 2 2 4 3 3 4 3 2 2 3 4 4 3 3 1 1 0 
0 2 4 4 3 1 3 4 3 1 2 4 1 3 3 1 1 1 1 0 
0 0 0 0 0 0 0 0 0 0 0 0 0 0 0 0 0 0 0 0 

226 17 203 526 448 100 100 1 50 50 0
0 2 0 0 1 1 2 1
0 0 0 0 0 0 0 0 0 0 0 0 0 0 0 0 0 0 0 0 
0 3 2 3 3 2 4 1 1 4 1 4 2 1 1 1 2 1 4 0 
0 1 3 3 1 2 3 3 2 1 1 2 4 3 4 1 1 2 2 0 
0 1 3 2 4 3 1 2 3 1 2 4 1 1 1 4 3 1 1 0 
0 1 3 2 2 3 3 1 1 2 1 2 4 3 2 2 4 1 4 0 
0 1 2 3 1 3 2 2 3 2 1 2 2 1 2 4 2 3 3 0 
0 1 3 3 2 4 4 1 2 1 2 1 2 2 1 3 4 2 2 0 
0 1 3 4 3 3 1 4 3 3 4 4 1 2 4 4 4 2 3 0 
0 4 2 4 4 4 4 1 1 1 4 4 2 1 4 4 4 2 2 0 
0 1 2 4 3 1 3 3 2 3 2 1 4 4 4 1 3 4 4 0 
0 3 4 4 3 3 3 4 3 3 3 3 4 4 3 1 3 1 1 0 
0 1 3 2 3 1 3 2 4 2 3 3 1 2 1 1 2 3 3 0 
0 4 2 2 2 4 4 2 3 2 2 1 2 3 1 4 4 4 4 0 
0 2 1 4 4 3 2 4 1 2 4 2 4 3 1 1 4 3 4 0 
0 0 0 0 0 0 0 0 0 0 0 0 0 0 0 0 0 0 0 0 

0 757 395 0
0 698 56 0
71 136 7 279 213 100 100 1 50 50 0
0 2 1 0 0 1 0 1
0 0 0 0 0 0 0 0 0 0 0 0 0 0 0 0 0 0 0 0 
0 4 4 2 3 3 4 4 3 4 1 2 1 4 4 2 4 3 4 0 
0 3 1 3 4 4 3 1 4 2 2 4 4 3 3 3 4 1 2 0 
0 3 4 4 3 4 1 3 3 1 4 2 3 3 4 4 1 3 3 0 
0 4 3 3 1 4 2 4 2 4 2 1 4 3 4 3 2 2 2 0 
0 3 4 4 3 4 1 1 2 4 4 3 2 3 2 4 1 2 3 0 
0 2 1 1 1 2 1 4 1 4 2 2 1 3 4 1 2 2 4 0 
0 2 3 1 1 2 3 2 4 4 1 4 1 3 1 1 3 1 3 0 
0 4 4 3 3 1 4 4 3 4 4 4 1 3 1 3 3 1 1 0 
0 2 2 4 1 2 4 2 1 4 2 3 1 4 2 4 2 1 1 0 
0 2 4 3 1 3 3 1 1 3 4 3 4 4 4 1 3 1 3 0 
0 2 2 3 2 3 1 2 3 3 1 4 3 1 1 2 4 1 4 0 
0 2 2 4 4 1 2 3 4 2 4 2 2 2 4 3 4 1 1 0 
0 4 2 3 2 2 3 4 3 3 1 2 4 4 3 1 3 2 1 0 
0 0 0 0 0 0 0 0 0 0 0 0 0 0 0 0 0 0 0 0 

186 78 193 612 271 100 100 1 50 50 0
0 0 0 0 0 0 65537 0
0 0 0 0 0 0 0 0 0 0 0 0 0 0 0 0 0 0 0 0 
0 1 4 1 3 2 4 1 4 1 2 3 4 4 3 3 1 3 3 0 
0 1 2 4 4 3 2 4 2 2 3 2 2 2 2 1 2 4 2 0 
0 1 4 2 1 1 4 1 4 3 3 1 1 1 1 3 4 1 1 0 
0 1 4 2 2 3 3 3 4 1 4 1 4 1 1 4 2 2 4 0 
0 2 2 4 4 4 4 4 4 4 2 3 4 2 3 4 4 4 2 0 
0 2 2 1 2 1 1 2 2 1 1 3 2 4 4 3 3 3 2 0 
0 2 3 1 2 4 3 1 2 1 4 1 4 1 2 2 1 4 2 0 
0 1 1 3 2 1 2 3 4 1 2 3 4 3 4 2 4 1 1 0 
0 2 2 2 3 1 2 2 2 4 3 2 3 1 3 3 3 4 3 0 
0 4 2 2 1 3 4 4 2 4 1 1 4 1 2 1 3 4 2 0 
0 4 2 3 3 4 4 1 4 2 3 3 1 1 2 3 3 2 1 0 
0 2 1 2 1 1 2 1 2 4 1 4 3 2 3 4 4 2 4 0 
0 4 2 3 1 1 1 2 1 3 4 3 4 4 1 1 2 1 1 0 
0 0 0 0 0 0 0 0 0 0 0 0 0 0 0 0 0 0 0 0 

65537 65537 65537 65537
65537 65537 65537 65537
1 -1923088384 -434982 -1368570080
32764 0 0 1
0 1 0 0
1 0 0 1
0 0 1 0
0 1 0 0
1 0 0 1
0 0 1 0
0 1 0 0
1 0 0 1
0 0 1 0
0 1 0 0
1 0 0 1
0 0 1 0
0 1 0 0
1 0 0 1
0 0 1 0
0 1 0 0
1 0 3 0
0 1 0 0
2 0 0 2
0 0 2 0
0 1 0 0
1 0 0 3
0 0 4 0
0 4 0 0
3 0 0 1
0 0 3 0
0 2 0 0
2 0 0 2
0 0 2 0
0 2 0 0
0 1 0 0
1 0 2 0
0 3 0 0
3 0 0 4
0 0 2 0
0 1 0 0
4 0 0 2
0 0 1 0
0 4 0 0
3 0 0 2
0 0 4 0
0 1 0 0
2 0 0 2
0 0 3 0
0 3 0 0
0 1 0 0
1 0 2 0
0 3 0 0
2 0 0 1
0 0 2 0
0 4 0 0
1 0 0 1
0 0 1 0
0 3 0 0
2 0 0 2
0 0 4 0
0 3 0 0
1 0 0 2
0 0 3 0
0 2 0 0
0 1 0 0
1 0 3 0
0 2 0 0
3 0 0 3
0 0 1 0
0 1 0 0
4 0 0 4
0 0 2 0
0 2 0 0
1 0 0 4
0 0 4 0
0 3 0 0
2 0 0 1
0 0 3 0
0 3 0 0
0 1 0 0
1 0 4 0
0 4 0 0
3 0 0 4
0 0 2 0
0 4 0 0
2 0 0 1
0 0 3 0
0 2 0 0
3 0 0 1
0 0 3 0
0 1 0 0
2 0 0 2
0 0 3 0
0 2 0 0
0 1 0 0
1 0 2 0
0 3 0 0
1 0 0 3
0 0 4 0
0 2 0 0
2 0 0 3
0 0 4 0
0 3 0 0
4 0 0 2
0 0 2 0
0 3 0 0
1 0 0 4
0 0 3 0
0 2 0 0
0 1 0 0
1 0 4 0
0 4 0 0
3 0 0 2
0 0 1 0
0 1 0 0
2 0 0 3
0 0 1 0
0 3 0 0
4 0 0 3
0 0 4 0
0 2 0 0
1 0 0 4
0 0 4 0
0 4 0 0
0 1 0 0
1 0 1 0
0 2 0 0
3 0 0 4
0 0 4 0
0 2 0 0
2 0 0 1
0 0 4 0
0 2 0 0
1 0 0 2
0 0 4 0
0 4 0 0
1 0 0 2
0 0 1 0
0 1 0 0
0 1 0 0
1 0 2 0
0 2 0 0
4 0 0 2
0 0 4 0
0 3 0 0
4 0 0 3
0 0 4 0
0 1 0 0
2 0 0 4
0 0 4 0
0 3 0 0
1 0 0 2
0 0 2 0
0 4 0 0
0 1 0 0
1 0 3 0
0 3 0 0
1 0 0 3
0 0 1 0
0 1 0 0
4 0 0 4
0 0 4 0
0 1 0 0
1 0 0 4
0 0 1 0
0 2 0 0
1 0 0 4
0 0 3 0
0 4 0 0
0 1 0 0
1 0 3 0
0 2 0 0
2 0 0 2
0 0 2 0
0 3 0 0
1 0 0 2
0 0 1 0
0 1 0 0
3 0 0 3
0 0 1 0
0 2 0 0
1 0 0 1
0 0 4 0
0 1 0 0
0 1 0 0
1 0 1 0
0 3 0 0
4 0 0 4
0 0 3 0
0 4 0 0
3 0 0 4
0 0 1 0
0 3 0 0
3 0 0 3
0 0 2 0
0 1 0 0
1 0 0 3
0 0 3 0
0 2 0 0
0 1 0 0
1 0 1 0
0 3 0 0
3 0 0 2
0 0 4 0
0 2 0 0
4 0 0 4
0 0 3 0
0 4 0 0
4 0 0 2
0 0 1 0
0 4 0 0
4 0 0 4
0 0 3 0
0 3 0 0
0 1 0 0
1 0 0 1
0 0 1 0
0 1 0 0
1 0 0 1
0 0 1 0
0 1 0 0
1 0 0 1
0 0 1 0
0 1 0 0
1 0 0 1
0 0 1 0
0 1 0 0
1 0 0 1
0 0 1 0
0 1 0 2
0 125 207 161
100 100 215 230
15 50 50 1
58 1583912185 0 725
0 0 0 174
188 145 100 100
582 451 29 50
50 1 32616 1583912185
0 725 0 0
-1 2 0 591
535 0 0 470
541 0 32616 0
0 173069856 22051 -105408000
-693799237 0 0 173016736
22051 173069856 22051 1753387491
32616 1755258888 32616 -1368565976
32764 0 1 173022720
22051 0 0 -238294264
1642645441 173016736 22051 -1368565984
32764 0 0 0
0 -248780024 844599226 2124802824
863896165 0 0 0
0 0 0 -1368565960
32764 1757278608 32616 1757159729
32616 0 0 0
0 173016736 22051 -1368565984
32764 0 0 173016782
22051 -1368565992 32764 28
0 1 0 -1368558724
32764 0 0 -1368558708
32764 -1368558692 32764 -1368558582
32764 -1368558562 32764 -1368558517
32764 -1368558494 32764 -1368558450
32764 -1368558431 32764 -1368558412
32764 -1368558358 32764 -1368558326
32764 -1368558285 32764 -1368558265
32764 -1368558242 32764 -1368558223
32764 -1368558195 32764 -1368558155
32764 -1368558141 32764 -1368558114
32764 -1368558093 32764 -1368558041
32764 -1368558000 32764 -1368557967
32764 -1368557954 32764 -1368557937
32764 -1368557922 32764 -1368557904
32764 -1368557887 32764 -1368556381
32764 -1368556348 32764 -1368556331
32764 -1368556245 32764 -1368556198
32764 -1368556182 32764 -1368556159
32764 -1368556135 32764 -1368556101
32764 -1368556078 32764 -1368556058
32764 -1368556007 32764 -1368555975
32764 -1368555964 32764 -1368555933
32764 -1368555922 32764 -1368555914
32764 -1368555896 32764 -1368555865
32764 -1368555842 32764 -1368555757
32764 -1368555653 32764 -1368555635
32764 -1368555581 32764 -1368555562
32764 0 0 33
0 -1368535040 32764 16
0 -1075053569 0 6
0 4096 0 17
0 100 0 3
0 173006912 22051 4
0 56 0 5
0 13 0 7
0 1757089792 32616 8
0 0 0 9
0 173016736 22051 11
0 1000 0 12
0 1000 0 13
0 1000 0 14
0 1000 0 23
0 0 0 25
0 -1368565207 32764 26
0 0 0 31
0 -1368555544 32764 15
0 -1368565191 32764 0
0 0 0 -1214632192
-1518945287 -1339111978 -2073634967 909670645
3421791 0 0 0
0 0 0 0
0 0 0 0
0 0 0 0
0 0 0 0
0 0 0 0
0 0 0 0
0 0 0 0
0 0 0 0
0 0 0 0
0 0 0 0
0 0 0 0
0 0 0 0
0 0 0 0
0 0 0 0
0 0 0 0
0 0 0 0
0 0 0 0
0 0 0 0
0 0 0 0
0 0 0 0
0 0 0 0
0 0 0 0
0 0 0 0
0 0 0 0
0 0 0 0
0 0 0 0
0 0 0 0
0 0 0 0
0 0 0 0
0 0 0 0
0 0 0 0
0 0 0 0
0 0 0 0
0 0 0 0
0 0 0 0
0 0 0 0
0 0 0 0
0 0 0 0
0 0 0 0
0 0 0 0
0 0 0 0
0 0 0 0
0 0 0 0
0 0 0 0
0 0 0 0
0 0 0 0
0 0 0 0
0 0 0 0
0 0 0 0
0 0 0 0
0 0 0 0
0 0 0 0
0 0 0 0
0 0 0 0
0 0 0 0
0 0 0 0
0 0 0 0
0 0 0 0
0 0 0 0
0 0 0 0
0 0 0 0
0 0 0 0
0 0 0 0
0 0 0 0
0 0 0 0
0 0 0 0
0 0 0 0
0 0 0 0
0 0 0 0
0 0 0 0
0 0 0 0
0 0 0 0
0 0 0 0
0 0 0 0
0 0 0 0
0 0 0 0
0 0 0 0
0 0 0 0
0 0 0 0
0 0 0 0
0 0 0 0
0 0 0 0
0 0 0 0
0 0 0 0
0 0 0 0
0 0 0 0
0 0 0 0
0 0 0 0
0 0 0 0
0 0 0 0
0 0 0 0
0 0 0 0
0 0 0 0
0 0 0 0
0 0 0 0
0 0 0 0
0 0 0 0
0 0 0 0
0 0 0 0
0 0 0 0
0 0 0 0
0 0 0 0
0 0 0 0
0 0 0 0
0 0 0 0
0 0 0 0
0 0 0 0
0 0 0 0
0 0 0 0
0 0 0 0
0 0 0 0
0 0 0 0
0 0 0 0
0 0 0 0
0 0 0 0
0 0 0 0
0 0 0 0
0 0 0 0
0 0 0 0
0 0 0 0
0 0 0 0
0 0 0 0
0 0 0 0
0 0 0 0
0 0 0 0
0 0 0 0
0 0 0 0
0 0 0 0
0 0 0 0
0 0 0 0
0 0 0 0
0 0 0 0
0 0 0 0
0 0 0 0
0 0 0 0
0 0 0 0
0 0 0 0
0 0 0 0
0 0 0 0
0 0 0 0
0 0 0 0
0 0 0 0
0 0 0 0
0 0 0 0
0 0 0 0
0 0 0 0
0 0 0 0
0 0 0 0
0 0 0 0
0 0 0 0
0 0 0 0
0 0 0 0
0 0 0 0
0 0 0 0
0 0 0 0
0 0 0 0
0 0 0 0
0 0 0 0
0 0 0 0
0 0 0 0
0 0 0 0
0 0 0 0
0 0 0 0
0 0 0 0
0 0 0 0
0 0 0 0
0 0 0 0
0 0 0 0
0 0 0 0
0 0 0 0
0 0 0 0
0 0 0 0
0 0 0 0
0 0 0 0
0 0 0 0
0 0 0 0
0 0 0 0
0 0 0 0
0 0 0 0
0 0 0 0
0 0 0 0
0 0 0 0
0 0 0 0
0 0 0 0
0 0 0 0
0 0 0 0
0 0 0 0
0 0 0 0
0 0 0 0
0 0 0 0
0 0 0 0
0 0 0 0
0 0 0 0
0 0 0 0
0 0 0 0
0 0 0 0
0 0 0 0
0 0 0 0
0 0 0 0
0 0 0 0
0 0 0 0
0 0 0 0
0 0 0 0
0 0 0 0
0 0 0 0
0 0 0 0
0 0 0 0
0 0 0 0
0 0 0 0
0 0 0 0
0 0 0 0
0 0 0 0
0 0 0 0
0 0 0 0
0 0 0 0
0 0 0 0
0 0 0 0
0 0 0 0
0 0 0 0
0 0 0 0
0 0 0 0
0 0 0 0
0 0 0 0
0 0 0 0
0 0 0 0
0 0 0 0
0 0 0 0
0 0 0 0
0 0 0 0
0 0 0 0
0 0 0 0
0 0 0 0
0 0 0 0
0 0 0 0
0 0 0 0
0 0 0 0
0 0 0 0
0 0 0 0
0 0 0 0
0 0 0 0
0 0 0 0
0 0 0 0
0 0 0 0
0 0 0 0
0 0 0 0
0 0 0 0
0 0 0 0
0 0 0 0
0 0 0 0
0 0 0 0
0 0 0 0
0 0 0 0
0 0 0 0
0 0 0 0
0 0 0 0
0 0 0 0
0 0 0 0
0 0 0 0
0 0 0 0
0 0 0 0
0 0 0 0
0 0 0 0
0 0 0 0
0 0 0 0
0 0 0 0
0 0 0 0
0 0 0 0
0 0 0 0
0 0 0 0
0 0 0 0
0 0 0 0
0 0 0 0
0 0 0 0
0 0 0 0
0 0 0 0
0 0 0 0
0 0 0 0
0 0 0 0
0 0 0 0
0 0 0 0
0 0 0 0
0 0 0 0
0 0 0 0
0 0 0 0
0 0 0 0
0 0 0 0
0 0 0 0
0 0 0 0
0 0 0 0
0 0 0 0
0 0 0 0
0 0 0 0
0 0 0 0
0 0 0 0
0 0 0 0
0 0 0 0
0 0 0 0
0 0 0 0
0 0 0 0
0 0 0 0
0 0 0 0
0 0 0 0
0 0 0 0
0 0 0 0
0 0 0 0
0 0 0 0
0 0 0 0
0 0 0 0
0 0 0 0
0 0 0 0
0 0 0 0
0 0 0 0
0 0 0 0
0 0 0 0
0 0 0 0
0 0 0 0
0 0 0 0
0 0 0 0
0 0 0 0
0 0 0 0
0 0 0 0
0 0 0 0
0 0 0 0
0 0 0 0
0 0 0 0
0 0 0 0
0 0 0 0
0 0 0 0
0 0 0 0
0 0 0 0
0 0 0 0
0 0 0 0
0 0 0 0
0 0 0 0
0 0 0 0
0 0 0 0
0 0 0 0
0 0 0 0
0 0 0 0
0 0 0 0
0 0 0 0
0 0 0 0
0 0 0 0
0 0 0 0
0 0 0 0
0 0 0 0
0 0 0 0
0 0 0 0
0 0 0 0
0 0 0 0
0 0 0 0
0 0 0 0
0 0 0 0
0 0 0 0
0 0 0 0
0 0 0 0
0 0 0 0
0 0 0 0
0 0 0 0
0 0 0 0
0 0 0 0
0 0 0 0
0 0 0 0
0 0 0 0
0 0 0 0
0 0 0 0
0 0 0 0
0 0 0 0
0 0 0 0
0 0 0 0
0 0 0 0
0 0 0 0
0 0 0 0
0 0 0 0
0 0 0 0
0 0 0 0
0 0 0 0
0 0 0 0
0 0 0 0
0 0 0 0
0 0 0 0
0 0 0 0
0 0 0 0
0 0 0 0
0 0 0 0
0 0 0 0
0 0 0 0
0 0 0 0
0 0 0 0
0 0 0 0
0 0 0 0
0 0 0 0
0 0 0 0
0 0 0 0
0 0 0 0
0 0 0 0
0 0 0 0
0 0 0 0
0 0 0 0
0 0 0 0
0 0 0 0
0 0 0 0
0 0 0 0
1768042286 1869754222 1818588519 6646633
1279608915 1647263052 1647275625 6845281
1397966163 1598967625 1095647565 1028801863
1633906540 1818308460 762208620 1768977217
1160602994 926231861 1077561141 1886221359
1128869423 1853173061 825194601 741947448
2020175477 1819042095 1093496417 1919512691
893726053 892810541 1949252167 774860909
759513929 2020175477 943206703 1329791033
1414680396 1028477509 1702195828 1869377379
1146617970 1329815367 1195984462 1380533343
1697594707 2016371572 2016372580 1965909860
1953396066 1697593973 2016371572 1476421476
1298089796 1599426117 1178948176 1732073545
1701670766 1313275949 1598377295 1263748420
1599098708 1397966163 1598967625 1950172233
762538344 1680700265 1701998693 1702125923
1413939300 1296654155 1146047839 1027951701
1937072745 877940992 1598900575 1430540109
1765623116 7566690 1145979213 1380930625
1095786329 792545364 796029813 1918986355
1667706725 795242095 1853186677 1831761268
1633971809 2037542772 1952542766 1313276008
1598377295 1279608915 1163091788 1330205523
1330470734 1966949700 1953396066 1397948533
1430347592 1398753364 1028342607 1853190703
1702065455 808529778 1798254640 1769109861
1932486510 1476421747 1229213517 1380272454
1765817683 1651064173 1140880245 1414222661
1398755407 1230197573 1966952015 1953396066
1397948533 1195466568 1599360581 1027885392
909719345 1263814400 1146047839 1397050453
1767991101 1952529004 1919036779 1701274729
1146572800 1869098813 1630496109 1851878508
1920287279 796221797 1850290764 1378840422
1702193007 1701538124 1196379136 1162690894
1819042109 1476423265 1398753092 1230197573
1147096655 1414222661 1966952527 1953396066
1146617973 1163091783 1330205523 1498701646
2017281360 1191194929 1096763216 1414415687
1179535711 1915698511 1966042741 796026227
808464433 1970169647 1395615600 1735419694
1701273901 809137262 1476407610 1213486401
1414091343 1915698521 1966042741 796026227
808464433 1835296559 1969313839 1919903860
7959657 1599294023 1430406468 1330929479
1396918608 542329405 1330795077 1397373778
1196379168 1313429248 1347899204 1028150337
1330118706 792544589 1701670760 1819042095
1426091617 1314014547 1027951937 1634495585
1296629870 1313817439 1598507334 1396787280
3226949 1196310860 1601332797 1429099078
942491220 1599294464 1330401091 1916621650
976239987 809331044 875772721 1030646842
859517232 1751988790 976236605 876439920
858995504 1030714170 859517232 1868839477
993079357 1647981875 808729956 993211195
1664758064 808729956 993211195 1866084656
808729970 993080123 1832530224 808467817
1031107386 876295987 1735604785 993014589
1664758580 808664417 976303163 859666292
842283824 1031237434 876295219 1953708594
993473341 1698313268 825245048 976368443
1635003946 825245042 976302907 1735667242
825245050 976302907 1918971434 825245027
976302907 1918971434 825245034 976302907
1635003946 825245050 976302907 1751920170
825245025 976302907 2053910058 825244980
976302907 2053910058 825245032 976302907
2053910058 809329005 825441073 1949182522
809335404 825441073 1949182522 809335416
825441073 1949182522 809332602 825441073
1949182522 809335351 825441073 2049845818
809332841 825441073 2049845818 993079357
708456755 1031431214 859517232 774519345
809335399 825441073 1814964794 809335410
825441073 1814964794 825245050 976302907
2053910058 825245039 976302907 2054696490
993079357 708456755 1953724974 993079357
708456755 1937404974 825245044 976302907
2053254698 825244978 976302907 2053254698
993079357 708456755 2053272622 993079357
708456755 2053272622 825244978 976302907
2054434346 993079357 708456755 1650811950
993079357 708456755 1836085806 993079357
708456755 1918986798 993079357 708456755
1918990126 993079357 708456755 1918985518
993079357 708456755 1918989102 993079357
708456755 1918988846 993079357 708456755
2053923118 993079357 708456755 1701011758
993079357 708456755 1869576750 993079357
708456755 1768973102 825245039 976302907
2050436650 993079357 708456755 1031434798
859517232 774519345 1029857635 859517232
774519345 1030580599 859517232 774519345
1030584179 859517232 774519345 1030584164
859517232 774519345 1029993317 859517232
774519345 1030189162 859517232 774519349
1734701162 993079357 708457779 1886022958
825245031 976565051 1785540138 1030186352
859517232 774519349 1030121831 859517232
774519349 1030778210 859517232 774519349
1030578800 859517232 774519349 1030580080
859517232 774519349 1030582384 859517232
774519349 1029793652 859517232 774519349
1030578808 859517232 774519349 1030582392
859517232 774519349 1030121844 859517232
774519349 1717987700 993079357 708457779
1735290926 993079357 708457779 1735815982
993079357 708457779 1735815982 825245050
976565051 1852649002 825245031 976565051
1668296234 825245048 976565051 1869426218
825245046 976565051 1886203434 825245031
976565051 1886203434 809330533 892549937
1831742010 809334322 892549937 1831742010
809334379 892549937 1999514170 1030578789
859517232 774519349 1030580079 859517232
774519349 1026846829 859517232 774519349
1031156845 859517232 774519349 1983148141
993079357 708457779 1651471918 993079357
708457779 1031041326 859517232 774519349
1031173486 859517232 774519349 1031171447
859517232 774519349 1030124385 859517232
774519349 809332082 892549937 1915628090
1029863021 859517232 774519349 1029925990
859517232 774519349 1030321761 859517232
774519349 1030319206 859517232 774519349
1031171174 859517232 774519349 809331815
892549937 1680747066 825245036 976565051
1668820522 825245030 976565051 2004364842
825245028 976565051 1970875946 825245046
976565051 1734553130 825245037 976565051
1835347498 825245030 976565051 1735339562
825245046 976565051 1735339562 825245048
976565051 1633758762 808467811 976630587
1969303082 993013821 708458035 1634493998
808467811 976630587 879570474 808467809
976630587 1768762922 808467812 976630587
1768762922 809331044 909327152 1831742010
809329003 909327152 1831742010 809317232
909327152 1831742010 809329520 909327152
1865296442 809330535 909327152 1915628090
808467809 976630587 1635200554 808467830
976630587 1735339562 808467809 976630587
1886334506 809333621 909327152 1932405306
809334896 909327152 2016291386 1030123635
859516976 1476409910 1130317636 1163022933
1147098190 1414222661 1966952527 1953396066
1313290869 4541775 1598379094 1397900630
1028542281 842020917 1330530048 1415529805
1229804101 1598832974 1163019091 792546885
795308655 1836019303 1700015973 1852403058
1932487777 1701147235 1667575662 943010406
928997682 1597125729 825583156 862140511
845504310 1647731554 858874982 1224762978
1129272910 1330205761 1145659214 1630889021
959930673 1714762040 909456440 808804920
946156336 828728677 845558369 1095565363
1162297678 1145655378 909521213 1279459385
1163154517 1296654162 1146047839 1027951701
1937072745 1397376768 1111835743 1331644245
1431327829 1953709396 1920099684 1397050368
1330398035 792544595 796029813 795765090
1936942444 1701865840 544417056 1476424485
1398753092 1230197573 1