#Sauvegarde
./saves/Save2.txt
#Labyrinthe
Seed
1583225162
#Player
PV
200
PVMax
200
Coord_Pl_Salle
475 574
Coord_Pl_Lab
0 0
Damage
95
NbObjets
0
#Inventaire
#Salles
#Explorer
1 1 0 1 0 0 0 0
0 0 0 0 0 0 0 0 0 0 0 0 0 0 0 0 0 0 0 0 
0 1 3 4 1 2 4 2 2 4 4 3 1 3 2 2 4 2 2 0 
0 3 1 3 3 1 4 4 1 2 1 4 4 4 4 2 3 4 4 0 
0 2 2 1 2 1 3 2 3 1 3 2 2 4 1 3 3 3 3 0 
0 2 2 3 3 2 3 3 1 2 4 4 2 3 1 3 3 2 3 0 
0 2 4 2 2 2 3 3 2 3 1 4 1 3 1 2 2 3 3 0 
0 4 1 4 1 1 3 2 3 3 4 2 1 3 3 4 4 4 1 0 
0 2 2 2 1 3 1 1 1 1 3 2 4 1 1 4 4 2 4 0 
0 2 3 3 1 3 4 1 1 2 4 4 1 4 1 2 2 1 4 0 
0 2 2 1 3 4 2 2 4 3 1 4 4 1 1 2 3 1 4 0 
0 2 1 4 3 4 3 3 4 4 4 1 4 4 2 1 4 4 4 0 
0 1 1 4 3 2 3 2 2 3 4 4 4 3 1 4 3 3 4 0 
0 1 1 3 4 4 3 4 3 4 4 2 4 4 3 4 3 1 1 0 
0 1 3 2 3 2 1 2 4 1 2 2 3 1 3 3 3 2 3 0 
0 0 0 0 0 0 0 0 0 0 0 0 0 0 0 0 0 0 0 0 

0 0 0 0 0 0 1 0
0 0 0 0 0 0 0 0 0 0 0 0 0 0 0 0 0 0 0 0 
0 1 1 1 4 1 3 3 4 1 3 2 1 3 2 3 1 4 4 0 
0 1 2 4 2 3 1 4 3 3 3 1 1 1 1 1 1 4 1 0 
0 3 3 4 3 1 1 4 3 2 2 3 2 2 4 3 1 1 1 0 
0 1 4 3 4 2 3 4 2 3 4 3 2 1 1 4 4 4 4 0 
0 1 3 3 2 4 1 3 1 4 1 1 4 1 2 4 3 1 1 0 
0 1 4 3 3 3 1 1 3 1 4 3 4 4 3 2 2 4 2 0 
0 2 3 2 2 3 3 1 4 4 4 2 4 1 3 3 3 1 1 0 
0 3 1 4 3 1 2 3 4 4 4 1 3 1 2 1 3 3 4 0 
0 1 4 3 4 3 4 3 3 2 1 1 3 1 3 3 4 2 3 0 
0 1 4 2 4 3 2 3 4 4 3 2 2 2 2 1 4 1 4 0 
0 4 3 2 1 3 3 3 3 1 2 3 2 4 3 1 2 3 4 0 
0 3 1 3 2 3 4 4 1 1 4 4 1 3 3 3 1 4 1 0 
0 3 2 3 3 3 1 1 3 4 1 4 2 4 2 2 2 4 4 0 
0 0 0 0 0 0 0 0 0 0 0 0 0 0 0 0 0 0 0 0 

1 365 637 0
0 2 0 1 1 0 2 2
0 0 0 0 0 0 0 0 0 0 0 0 0 0 0 0 0 0 0 0 
0 1 3 4 1 2 4 1 1 2 3 1 1 3 3 3 2 1 1 0 
0 2 1 3 1 2 2 2 1 4 3 3 3 3 3 1 2 4 2 0 
0 1 4 2 3 3 2 3 1 4 1 2 1 2 4 1 4 4 2 0 
0 2 2 3 1 4 1 3 2 3 3 4 2 4 4 2 2 2 4 0 
0 3 1 4 3 1 2 3 2 1 3 2 4 1 3 1 3 3 1 0 
0 3 1 2 1 3 1 3 2 1 4 3 2 3 2 2 2 4 3 0 
0 3 2 4 3 4 1 3 4 3 3 2 1 3 4 1 1 1 3 0 
0 1 3 1 1 2 3 3 4 4 4 1 3 2 4 4 2 2 4 0 
0 2 4 3 1 3 1 1 1 4 2 1 4 4 2 2 4 2 3 0 
0 3 4 2 2 4 3 1 1 2 4 2 3 3 4 3 2 4 1 0 
0 2 4 1 1 1 2 1 1 3 2 4 4 1 2 4 2 4 3 0 
0 4 4 3 1 3 1 4 2 4 2 3 3 2 4 2 2 4 3 0 
0 3 4 3 1 2 2 1 2 4 4 3 3 2 3 2 4 3 4 0 
0 0 0 0 0 0 0 0 0 0 0 0 0 0 0 0 0 0 0 0 

0 724 516 0
0 879 565 0
10 43 39 634 549 250 250 1 50 50 0
148 86 237 406 218 250 250 1 50 50 0
0 2 0 0 1 1 1 1
0 0 0 0 0 0 0 0 0 0 0 0 0 0 0 0 0 0 0 0 
0 4 2 2 4 4 2 2 2 1 3 2 2 1 3 3 1 2 4 0 
0 3 2 1 2 2 4 1 1 1 1 1 4 3 1 1 4 4 4 0 
0 1 1 2 1 3 3 3 3 1 1 3 2 4 1 4 1 3 1 0 
0 4 3 2 4 3 2 3 1 2 3 4 1 3 1 2 4 1 4 0 
0 2 3 3 2 4 1 3 3 2 2 3 4 3 2 2 4 1 4 0 
0 1 3 1 3 2 4 3 4 4 4 3 1 4 4 3 2 1 2 0 
0 2 3 1 3 1 3 2 3 1 3 2 1 3 2 4 3 4 1 0 
0 2 3 4 2 2 2 2 1 1 4 2 1 2 4 3 2 2 3 0 
0 4 4 1 4 2 2 1 4 4 4 2 3 4 4 1 3 1 3 0 
0 4 2 3 4 1 1 4 2 4 2 3 1 1 3 4 1 2 2 0 
0 3 2 1 2 1 3 4 4 2 1 2 2 3 1 3 1 4 3 0 
0 1 3 1 4 1 3 1 1 1 4 1 3 1 3 4 2 4 1 0 
0 4 4 4 1 4 2 2 2 2 4 2 2 2 3 4 2 2 4 0 
0 0 0 0 0 0 0 0 0 0 0 0 0 0 0 0 0 0 0 0 

0 525 60 0
192 63 240 625 352 250 250 1 50 50 0
0 2 0 0 1 1 0 2
0 0 0 0 0 0 0 0 0 0 0 0 0 0 0 0 0 0 0 0 
0 2 3 2 4 1 1 1 3 1 1 4 4 2 1 4 4 3 3 0 
0 2 1 1 4 3 2 2 4 2 4 3 3 4 4 1 1 3 2 0 
0 2 4 4 2 4 3 1 1 4 1 1 2 3 2 2 3 2 4 0 
0 4 3 4 1 2 2 3 2 1 3 2 4 4 3 3 3 4 2 0 
0 2 1 3 1 1 3 2 3 4 3 1 1 3 4 3 2 4 1 0 
0 3 2 2 3 4 3 2 4 2 4 2 1 2 3 1 4 3 1 0 
0 2 4 3 1 3 3 2 1 2 4 2 1 4 4 2 1 2 2 0 
0 4 4 1 1 3 2 1 4 1 2 3 3 2 4 3 1 1 1 0 
0 3 2 1 1 1 2 1 1 1 3 1 2 4 4 1 4 4 4 0 
0 1 1 3 1 2 2 4 3 1 2 3 1 2 2 2 2 2 3 0 
0 3 2 3 3 4 3 4 3 3 1 2 2 4 3 2 2 3 3 0 
0 3 2 2 4 3 4 4 4 1 2 1 2 4 3 4 2 1 3 0 
0 4 1 2 2 1 3 4 4 1 1 1 4 4 4 1 1 3 4 0 
0 0 0 0 0 0 0 0 0 0 0 0 0 0 0 0 0 0 0 0 

148 143 1 615 339 250 250 1 50 50 0
145 81 178 364 461 250 250 1 50 50 0
0 2 0 0 1 1 0 2
0 0 0 0 0 0 0 0 0 0 0 0 0 0 0 0 0 0 0 0 
0 4 2 3 3 1 3 3 3 2 2 1 1 2 3 4 4 1 1 0 
0 4 3 3 3 1 1 3 1 3 2 3 4 1 2 2 3 4 2 0 
0 1 2 1 3 4 1 3 1 3 2 4 3 2 4 2 1 2 2 0 
0 1 1 2 4 2 1 3 2 2 4 4 2 2 4 3 2 2 2 0 
0 2 4 3 4 1 2 3 3 1 4 3 3 1 3 3 3 2 4 0 
0 3 1 1 4 4 4 1 1 3 4 2 1 1 3 4 3 3 1 0 
0 1 1 3 1 4 1 3 4 3 1 2 1 4 4 1 4 4 4 0 
0 3 4 1 2 3 2 2 4 1 1 2 3 1 2 3 3 3 2 0 
0 3 1 1 2 2 3 2 1 2 2 1 1 1 3 1 1 4 3 0 
0 3 1 2 3 2 4 1 2 1 3 1 3 4 3 4 4 4 1 0 
0 2 1 1 4 2 1 4 3 4 4 3 3 3 1 4 4 3 1 0 
0 3 3 2 4 1 2 2 4 1 1 4 4 1 1 1 2 4 2 0 
0 2 4 4 1 3 3 4 1 3 3 1 2 3 3 4 4 2 1 0 
0 0 0 0 0 0 0 0 0 0 0 0 0 0 0 0 0 0 0 0 

169 92 95 363 329 250 250 1 50 50 0
47 186 9 400 379 250 250 1 50 50 0
0 2 0 1 0 1 2 2
0 0 0 0 0 0 0 0 0 0 0 0 0 0 0 0 0 0 0 0 
0 2 2 4 1 4 3 1 3 1 1 4 3 4 3 2 1 3 3 0 
0 4 3 4 4 1 1 4 4 1 1 3 3 3 4 1 2 4 4 0 
0 4 1 2 4 1 1 2 4 4 4 1 2 2 4 4 2 3 1 0 
0 2 2 4 2 2 2 1 1 2 1 2 1 4 2 1 2 1 2 0 
0 2 3 1 1 2 1 3 3 1 2 4 3 2 1 1 2 3 2 0 
0 3 3 2 4 3 4 1 2 1 1 3 1 2 1 3 3 1 4 0 
0 3 3 3 3 1 2 2 2 3 2 3 1 3 2 3 1 1 1 0 
0 4 1 2 4 2 1 4 3 1 3 1 1 2 4 4 4 2 4 0 
0 2 3 1 4 4 4 4 3 1 2 3 1 2 2 2 3 1 3 0 
0 3 4 1 3 2 2 4 4 1 3 3 2 2 4 1 2 3 4 0 
0 1 2 2 1 3 4 2 4 1 3 3 1 1 1 1 1 4 2 0 
0 2 3 1 2 1 4 4 2 3 4 3 2 3 4 3 1 4 2 0 
0 4 1 1 1 3 3 1 3 4 1 4 3 3 1 1 3 3 1 0 
0 0 0 0 0 0 0 0 0 0 0 0 0 0 0 0 0 0 0 0 

0 427 390 0
0 455 451 0
46 31 62 395 489 250 250 1 50 50 0
68 144 89 305 430 250 250 1 50 50 0
0 2 1 1 0 0 2 1
0 0 0 0 0 0 0 0 0 0 0 0 0 0 0 0 0 0 0 0 
0 1 2 3 2 2 3 2 3 1 4 2 4 2 3 2 1 4 4 0 
0 2 3 2 1 2 1 4 2 2 3 3 2 4 3 3 2 1 4 0 
0 4 2 2 4 1 3 3 3 1 4 3 4 3 4 3 1 4 4 0 
0 1 3 1 3 1 3 4 4 2 2 1 2 1 4 3 2 4 3 0 
0 4 2 1 1 2 3 4 4 2 2 4 2 1 1 4 2 3 1 0 
0 4 2 4 1 3 1 2 3 4 4 4 3 3 3 1 3 3 2 0 
0 2 3 1 3 4 1 4 1 1 4 2 3 4 1 4 3 2 2 0 
0 3 3 4 3 3 3 1 1 1 1 3 4 2 4 2 3 3 1 0 
0 3 2 1 3 1 2 1 4 3 4 3 4 1 1 2 4 3 4 0 
0 2 4 4 2 4 3 1 2 2 2 4 4 3 2 2 3 4 2 0 
0 1 4 2 3 3 4 2 3 4 3 2 3 3 3 2 2 4 1 0 
0 4 1 2 2 2 1 1 4 2 2 3 1 4 3 4 1 1 2 0 
0 4 2 4 3 4 1 1 2 3 2 4 3 3 3 3 4 4 4 0 
0 0 0 0 0 0 0 0 0 0 0 0 0 0 0 0 0 0 0 0 

0 79 309 0
0 344 620 0
136 70 153 473 394 250 250 1 50 50 0
0 0 0 0 0 0 0 0
0 0 0 0 0 0 0 0 0 0 0 0 0 0 0 0 0 0 0 0 
0 3 4 4 3 2 2 1 1 4 3 3 2 2 3 2 2 3 1 0 
0 4 4 2 2 1 1 3 1 4 2 1 4 1 3 3 4 1 4 0 
0 1 1 4 1 3 3 2 1 1 3 2 3 3 1 2 4 2 2 0 
0 4 1 3 3 2 3 2 2 1 1 1 1 4 2 2 4 2 4 0 
0 2 3 4 2 2 2 4 4 2 1 4 4 3 3 4 1 2 1 0 
0 3 3 3 3 3 3 3 3 4 4 2 1 4 3 4 3 4 1 0 
0 4 3 4 2 3 3 1 1 2 4 1 3 4 3 1 2 1 4 0 
0 1 4 2 4 3 3 1 2 1 4 1 4 4 4 2 3 1 4 0 
0 2 1 1 3 4 1 1 4 4 1 1 4 4 1 3 1 1 2 0 
0 3 1 3 3 4 3 2 3 3 3 1 3 3 2 4 3 4 3 0 
0 3 4 2 2 1 3 2 4 3 4 1 3 1 3 3 4 2 2 0 
0 2 3 4 4 2 1 3 4 2 2 2 2 4 4 1 2 2 1 0 
0 4 3 1 2 2 1 1 3 3 3 2 4 1 3 3 4 3 4 0 
0 0 0 0 0 0 0 0 0 0 0 0 0 0 0 0 0 0 0 0 

0 2 1 1 0 0 2 2
0 0 0 0 0 0 0 0 0 0 0 0 0 0 0 0 0 0 0 0 
0 4 1 3 2 2 4 3 1 3 3 2 4 4 1 2 4 3 4 0 
0 4 3 2 2 1 3 2 1 1 4 1 3 3 4 3 1 1 4 0 
0 4 3 1 2 2 2 2 1 3 3 4 1 2 3 3 3 4 3 0 
0 1 1 4 2 4 4 4 2 3 3 2 4 2 1 2 2 3 3 0 
0 4 4 3 2 2 2 2 4 4 4 2 4 2 3 4 1 4 4 0 
0 4 3 1 3 1 3 2 3 3 3 4 1 2 3 4 4 4 2 0 
0 2 1 1 1 4 2 4 2 4 4 2 3 3 2 2 3 4 2 0 
0 1 1 4 4 3 4 4 4 2 4 4 2 1 1 2 1 1 2 0 
0 2 1 3 2 4 4 4 2 1 1 4 4 3 1 4 2 4 3 0 
0 1 3 2 3 2 1 4 2 1 1 2 2 2 4 2 4 1 1 0 
0 4 4 2 4 1 1 4 3 1 3 4 4 1 1 3 3 3 4 0 
0 3 2 2 4 2 3 1 4 2 2 3 2 2 2 2 3 2 2 0 
0 3 1 4 4 3 3 3 4 3 1 2 1 1 4 2 2 3 4 0 
0 0 0 0 0 0 0 0 0 0 0 0 0 0 0 0 0 0 0 0 

0 556 108 0
0 165 489 0
245 133 39 722 372 250 250 1 50 50 0
164 191 236 673 443 250 250 1 50 50 0
0 0 0 0 0 0 0 0
0 0 0 0 0 0 0 0 0 0 0 0 0 0 0 0 0 0 0 0 
0 2 3 1 4 2 4 3 4 1 2 1 4 3 3 3 1 2 4 0 
0 2 1 3 2 2 1 1 3 2 4 4 3 3 1 1 3 1 3 0 
0 2 3 2 3 4 2 2 2 4 4 3 1 3 4 1 2 2 3 0 
0 2 2 1 3 1 4 1 3 1 2 1 1 4 2 3 1 4 2 0 
0 3 1 4 2 1 2 3 3 1 3 4 2 1 2 3 1 4 3 0 
0 1 1 1 1 2 1 1 1 3 3 1 2 4 3 3 3 1 3 0 
0 4 3 1 1 1 1 2 2 2 1 2 1 3 2 1 4 2 2 0 
0 4 2 2 2 4 3 4 4 1 2 2 1 4 2 3 4 2 4 0 
0 4 3 1 1 3 2 2 2 4 2 1 1 4 4 3 1 2 2 0 
0 3 1 1 4 2 3 4 1 4 3 4 1 2 4 3 2 4 2 0 
0 3 1 3 2 3 3 3 2 2 1 2 3 2 1 3 3 4 4 0 
0 1 3 4 4 1 4 4 2 3 2 3 2 3 2 3 1 3 1 0 
0 3 1 2 1 1 3 3 3 3 2 1 2 1 1 1 1 4 1 0 
0 0 0 0 0 0 0 0 0 0 0 0 0 0 0 0 0 0 0 0 

0 0 0 0 0 0 0 0
0 0 0 0 0 0 0 0 0 0 0 0 0 0 0 0 0 0 0 0 
0 4 3 3 2 4 1 3 3 2 1 3 1 1 2 1 2 2 2 0 
0 1 4 4 3 1 4 1 2 4 1 2 3 1 1 1 3 2 4 0 
0 4 4 2 1 1 1 1 1 2 2 3 3 3 3 2 2 1 3 0 
0 1 1 4 4 1 1 2 2 1 2 4 2 1 3 1 3 4 1 0 
0 3 4 2 4 1 4 2 3 2 3 4 2 1 4 3 4 3 3 0 
0 4 4 4 4 1 4 1 2 2 2 4 1 2 2 1 3 1 1 0 
0 2 2 4 3 4 3 1 1 3 3 4 1 1 4 1 1 3 1 0 
0 4 4 2 1 1 1 2 2 2 2 1 2 2 2 3 1 1 3 0 
0 4 1 3 2 3 2 2 3 1 2 3 4 3 2 3 4 3 3 0 
0 1 4 4 2 1 4 4 2 2 2 3 2 4 2 2 2 3 4 0 
0 4 4 2 4 2 1 3 4 2 1 3 4 3 3 3 3 1 3 0 
0 2 4 1 3 1 3 4 1 4 1 2 2 4 1 1 2 1 2 0 
0 2 3 1 3 4 4 3 2 2 1 4 2 4 2 1 4 4 2 0 
0 0 0 0 0 0 0 0 0 0 0 0 0 0 0 0 0 0 0 0 

0 0 0 0 0 0 0 0
0 0 0 0 0 0 0 0 0 0 0 0 0 0 0 0 0 0 0 0 
0 2 4 2 1 4 3 2 4 4 2 1 4 4 2 2 4 4 1 0 
0 3 2 3 1 3 2 2 2 3 3 1 3 4 2 2 1 2 1 0 
0 3 3 4 2 4 4 1 3 1 3 3 1 3 1 2 1 1 4 0 
0 3 3 1 1 1 1 3 4 2 4 4 3 1 2 1 4 4 1 0 
0 4 4 3 4 2 1 4 1 2 2 1 2 1 3 4 2 4 4 0 
0 2 2 3 4 2 2 2 2 4 3 1 3 3 4 2 1 4 4 0 
0 2 3 4 3 4 4 4 1 3 4 2 2 3 3 3 2 2 4 0 
0 3 4 1 2 2 2 4 4 1 2 4 4 1 1 3 4 3 2 0 
0 3 3 2 1 2 3 2 4 2 1 1 3 4 4 2 1 1 3 0 
0 2 1 2 2 2 2 2 2 2 4 1 1 1 3 3 3 4 4 0 
0 1 1 3 2 1 4 1 1 3 2 1 3 1 2 3 2 3 4 0 
0 3 4 1 1 3 1 1 4 4 3 2 3 2 2 3 4 4 4 0 
0 3 4 4 1 1 4 4 1 1 2 3 3 2 1 3 2 1 1 0 
0 0 0 0 0 0 0 0 0 0 0 0 0 0 0 0 0 0 0 0 

0 2 1 1 0 0 2 2
0 0 0 0 0 0 0 0 0 0 0 0 0 0 0 0 0 0 0 0 
0 3 1 4 2 3 1 4 4 3 2 4 2 1 2 1 4 3 1 0 
0 3 2 2 3 3 4 2 4 4 4 2 1 4 4 1 4 1 4 0 
0 4 4 3 2 1 2 3 2 4 3 1 2 4 4 3 1 2 1 0 
0 4 3 1 3 2 2 3 2 1 4 1 1 3 4 4 1 2 4 0 
0 3 4 1 2 3 2 3 2 1 1 2 2 1 1 1 1 3 2 0 
0 2 2 3 2 1 3 2 3 3 1 3 4 1 1 3 1 2 1 0 
0 2 4 2 2 4 3 4 1 3 4 1 2 1 3 3 4 4 3 0 
0 2 2 1 4 2 3 3 2 4 2 3 1 2 4 1 4 2 4 0 
0 2 1 4 1 4 1 2 4 3 4 3 2 2 1 3 2 4 1 0 
0 4 3 2 3 4 4 4 1 4 4 4 1 3 2 1 3 2 4 0 
0 3 3 3 1 2 2 2 3 2 1 4 1 1 3 3 2 2 2 0 
0 2 1 3 1 4 2 1 2 3 1 4 4 4 2 2 2 2 3 0 
0 3 4 1 4 4 4 1 4 3 3 1 4 1 2 4 3 2 3 0 
0 0 0 0 0 0 0 0 0 0 0 0 0 0 0 0 0 0 0 0 

0 594 87 0
0 494 84 0
45 31 87 490 487 250 250 1 50 50 0
92 63 209 299 474 250 250 1 50 50 0
0 2 1 1 0 0 2 2
0 0 0 0 0 0 0 0 0 0 0 0 0 0 0 0 0 0 0 0 
0 1 1 1 2 3 1 2 4 1 1 4 4 1 2 2 2 4 3 0 
0 4 3 3 4 2 1 2 4 4 4 3 3 4 3 3 4 1 1 0 
0 1 2 4 1 3 3 4 3 1 2 4 4 4 3 2 2 3 4 0 
0 2 4 3 1 3 1 3 2 4 1 1 4 1 1 1 1 2 3 0 
0 3 1 1 3 2 4 2 1 3 4 2 1 3 3 4 1 4 2 0 
0 2 2 3 1 3 3 4 3 4 4 3 1 3 2 1 3 4 3 0 
0 3 2 3 1 1 1 1 3 3 4 3 2 1 4 4 3 4 2 0 
0 1 3 4 4 3 3 4 1 4 1 3 3 3 1 4 1 1 4 0 
0 1 1 2 4 4 1 1 4 4 4 2 4 1 3 2 1 2 4 0 
0 3 2 4 2 2 3 4 4 3 4 4 4 3 1 4 1 4 4 0 
0 1 4 3 4 4 1 3 4 3 1 4 4 4 2 1 4 3 2 0 
0 2 3 1 4 2 1 3 4 1 3 4 4 2 4 3 4 4 2 0 
0 4 2 2 2 2 1 2 2 3 2 1 1 4 2 3 4 1 4 0 
0 0 0 0 0 0 0 0 0 0 0 0 0 0 0 0 0 0 0 0 

0 253 51 0
0 366 112 0
26 66 96 653 405 250 250 1 50 50 0
64 130 185 259 332 250 250 1 50 50 0
0 0 0 0 0 0 2 0
0 0 0 0 0 0 0 0 0 0 0 0 0 0 0 0 0 0 0 0 
0 3 2 4 3 1 4 2 4 3 3 3 2 1 1 3 3 2 1 0 
0 4 4 1 2 4 1 2 1 3 3 2 1 3 4 2 2 3 3 0 
0 1 4 2 4 3 4 1 3 4 3 1 1 3 4 1 3 2 4 0 
0 3 3 1 1 1 2 2 3 2 3 4 4 1 1 3 3 4 1 0 
0 2 4 4 2 2 4 2 4 4 2 3 1 2 1 3 2 2 3 0 
0 3 3 1 4 1 4 3 2 4 2 4 3 2 1 2 1 2 3 0 
0 1 4 3 4 1 1 4 2 1 2 3 2 4 2 4 4 1 1 0 
0 3 4 2 3 1 1 1 2 1 3 3 3 1 3 2 3 2 2 0 
0 3 1 4 4 2 2 1 1 3 1 4 4 1 2 3 2 4 3 0 
0 2 1 4 2 3 2 4 3 4 1 2 1 3 4 1 2 3 2 0 
0 3 4 2 2 4 1 1 4 3 3 1 2 1 2 2 4 3 4 0 
0 2 3 3 1 3 4 2 1 3 2 2 2 4 1 1 1 2 4 0 
0 2 2 3 4 4 3 1 4 4 3 3 2 2 4 4 4 1 3 0 
0 0 0 0 0 0 0 0 0 0 0 0 0 0 0 0 0 0 0 0 

1 759 530 0
1 867 312 0
0 1 1 0 0 0 0 1
0 0 0 0 0 0 0 0 0 0 0 0 0 0 0 0 0 0 0 0 
0 3 2 3 2 3 1 3 2 1 3 3 2 2 4 3 4 3 2 0 
0 2 3 1 1 1 3 2 3 3 2 2 3 4 1 4 2 2 2 0 
0 2 4 4 2 2 2 3 3 1 1 2 3 2 3 1 2 3 2 0 
0 1 4 4 3 1 1 1 4 1 4 2 2 1 3 1 4 1 2 0 
0 1 3 4 1 4 1 3 1 3 4 3 1 1 3 1 4 1 1 0 
0 4 1 1 1 4 2 2 4 4 3 4 4 4 4 3 4 1 2 0 
0 4 3 2 3 2 4 3 2 2 3 1 2 4 1 2 4 1 1 0 
0 1 2 1 4 4 4 4 4 3 2 3 3 3 2 2 4 4 3 0 
0 4 3 1 1 1 1 3 4 1 4 3 1 1 3 3 1 3 2 0 
0 4 2 1 2 3 3 1 1 1 2 4 4 4 3 2 4 4 3 0 
0 1 2 2 1 1 1 2 1 3 4 1 1 1 4 2 2 2 4 0 
0 4 2 4 4 3 4 4 2 2 1 2 1 3 2 2 1 2 3 0 
0 1 3 3 3 2 4 4 3 3 1 4 4 1 3 1 4 3 3 0 
0 0 0 0 0 0 0 0 0 0 0 0 0 0 0 0 0 0 0 0 

104 163 6 388 421 2076 2076 1 129 173 1
0 0 0 0 0 0 2 0
0 0 0 0 0 0 0 0 0 0 0 0 0 0 0 0 0 0 0 0 
0 1 1 3 3 3 4 2 2 2 1 3 1 4 3 4 1 2 2 0 
0 3 1 3 3 1 4 4 1 4 2 3 4 2 3 4 4 2 3 0 
0 3 3 4 1 3 2 1 3 4 4 3 2 1 1 2 3 4 2 0 
0 3 3 2 2 1 1 2 2 3 1 1 4 3 3 3 3 3 1 0 
0 4 4 3 4 3 1 1 4 2 2 2 1 3 4 3 4 2 3 0 
0 4 3 4 3 3 4 2 2 3 4 4 1 1 3 4 3 2 3 0 
0 4 2 2 1 3 3 1 1 3 3 1 4 2 4 2 1 2 4 0 
0 1 4 1 3 3 4 3 3 3 3 2 4 1 1 2 2 1 4 0 
0 4 1 1 2 3 1 1 4 4 2 1 2 2 1 1 2 3 3 0 
0 2 1 2 4 3 3 3 3 3 4 4 3 4 4 3 4 1 1 0 
0 4 2 1 3 3 1 4 4 1 4 2 3 3 3 3 4 2 2 0 
0 2 4 4 4 4 4 2 3 3 4 2 3 4 1 4 4 3 3 0 
0 4 3 2 4 2 3 2 4 1 1 3 2 2 4 2 1 3 1 0 
0 0 0 0 0 0 0 0 0 0 0 0 0 0 0 0 0 0 0 0 

1 513 182 0
1 596 421 0
0 2 0 1 1 0 2 1
0 0 0 0 0 0 0 0 0 0 0 0 0 0 0 0 0 0 0 0 
0 4 4 3 2 3 4 1 3 4 4 2 2 2 2 4 4 1 2 0 
0 2 3 1 3 3 4 4 4 3 1 4 2 1 4 1 3 1 4 0 
0 2 1 2 1 1 3 3 2 4 2 1 1 3 3 3 4 1 1 0 
0 3 4 4 1 1 3 2 1 2 3 4 3 2 1 3 3 2 3 0 
0 1 4 1 1 1 1 1 4 3 3 3 3 3 1 3 2 1 3 0 
0 4 3 3 2 1 2 4 2 3 2 4 4 1 4 3 1 4 3 0 
0 1 4 2 4 2 4 2 4 4 4 1 1 2 1 3 1 2 3 0 
0 2 1 4 4 2 3 3 2 2 1 2 2 4 3 1 1 2 3 0 
0 1 3 2 4 3 3 4 4 3 2 4 4 4 2 4 3 1 1 0 
0 1 4 3 3 4 4 4 3 2 4 4 3 2 4 2 4 3 4 0 
0 2 3 3 4 4 3 3 4 4 2 2 4 2 3 3 4 1 3 0 
0 4 4 1 1 3 4 4 1 3 1 4 2 4 1 4 2 4 3 0 
0 4 2 2 3 3 4 3 4 2 1 4 2 3 3 1 4 3 3 0 
0 0 0 0 0 0 0 0 0 0 0 0 0 0 0 0 0 0 0 0 

0 505 645 0
0 378 68 0
70 250 185 405 410 250 250 1 50 50 0
0 2 0 0 1 1 1 2
0 0 0 0 0 0 0 0 0 0 0 0 0 0 0 0 0 0 0 0 
0 4 2 2 2 1 4 1 3 4 2 3 3 3 2 1 3 1 3 0 
0 1 3 1 4 4 2 1 2 3 3 3 1 3 3 2 1 4 2 0 
0 4 4 4 3 1 3 1 3 4 1 1 4 4 1 2 4 4 2 0 
0 1 1 3 3 3 2 3 1 4 1 1 3 2 1 2 2 3 2 0 
0 4 4 4 3 4 4 2 3 4 3 2 4 4 3 4 3 1 2 0 
0 4 4 2 3 4 3 1 1 3 2 2 1 3 1 4 2 3 4 0 
0 1 4 2 4 3 4 3 2 2 2 4 2 3 3 1 1 1 4 0 
0 3 1 1 1 2 2 1 4 3 1 1 1 4 1 1 1 1 3 0 
0 4 3 4 1 1 4 3 3 2 3 3 3 3 1 3 3 1 1 0 
0 4 2 4 2 2 1 3 1 1 3 1 1 1 1 4 4 1 4 0 
0 3 3 2 1 2 1 3 4 1 1 2 2 1 1 3 1 3 4 0 
0 1 1 4 1 3 4 2 3 4 1 2 1 4 1 3 1 1 4 0 
0 1 3 3 2 3 4 3 4 1 1 4 3 4 4 3 3 4 1 0 
0 0 0 0 0 0 0 0 0 0 0 0 0 0 0 0 0 0 0 0 

0 123 513 0
44 251 128 455 427 250 250 1 50 50 0
223 133 245 380 535 250 250 1 50 50 0
0 3 1 1 0 1 1 2
0 0 0 0 0 0 0 0 0 0 0 0 0 0 0 0 0 0 0 0 
0 4 3 4 3 2 2 1 1 2 3 2 4 4 2 3 1 2 3 0 
0 4 2 2 3 2 4 1 4 4 2 3 3 3 3 1 2 1 2 0 
0 3 2 2 4 4 3 3 3 1 1 3 2 3 2 3 1 1 4 0 
0 4 1 3 3 2 2 1 4 4 1 1 4 2 3 1 3 2 4 0 
0 2 4 2 2 4 4 3 3 2 1 3 2 4 2 2 3 4 3 0 
0 4 4 2 3 4 2 2 1 4 3 3 1 2 4 4 4 1 3 0 
0 3 3 1 4 3 3 1 3 4 2 1 3 4 4 2 1 2 1 0 
0 2 3 1 1 1 4 1 3 3 4 2 4 3 4 2 3 4 1 0 
0 2 4 3 1 2 3 4 1 2 1 2 3 2 3 1 2 4 2 0 
0 1 4 4 4 4 1 3 2 4 4 4 3 4 1 3 2 2 4 0 
0 4 1 4 1 1 1 3 2 4 4 4 3 1 4 2 4 3 1 0 
0 4 1 2 3 1 2 2 4 2 4 2 3 3 1 3 2 2 4 0 
0 3 4 1 2 3 4 4 3 4 1 2 2 2 1 3 3 4 3 0 
0 0 0 0 0 0 0 0 0 0 0 0 0 0 0 0 0 0 0 0 

0 244 78 0
154 128 121 440 417 250 250 1 50 50 0
254 129 28 596 339 250 250 1 50 50 0
0 2 1 1 0 0 1 2
0 0 0 0 0 0 0 0 0 0 0 0 0 0 0 0 0 0 0 0 
0 2 3 3 3 3 3 3 4 1 4 2 4 4 3 1 1 3 3 0 
0 4 4 3 2 4 1 2 3 1 3 2 1 3 3 3 1 1 2 0 
0 3 3 1 4 3 3 3 2 1 3 2 3 1 2 2 4 3 1 0 
0 4 4 3 4 2 1 4 4 3 3 4 4 4 3 2 4 2 4 0 
0 2 4 1 2 2 3 4 3 4 1 2 2 2 1 1 4 4 3 0 
0 4 3 2 3 1 2 2 4 4 3 4 1 3 1 4 3 3 1 0 
0 1 2 3 4 3 4 1 4 4 2 3 3 4 3 2 1 1 2 0 
0 2 2 2 1 4 1 1 2 1 4 1 3 1 1 1 3 1 3 0 
0 3 1 2 2 2 4 1 1 2 2 2 2 3 3 3 4 4 3 0 
0 4 4 4 1 4 4 3 4 1 3 2 1 1 4 1 2 2 3 0 
0 2 2 3 3 3 4 1 1 3 3 1 2 1 4 1 1 4 4 0 
0 4 3 3 4 1 1 4 2 4 1 3 1 3 4 2 1 3 4 0 
0 1 3 1 3 1 1 4 2 4 4 2 4 4 1 2 2 1 2 0 
0 0 0 0 0 0 0 0 0 0 0 0 0 0 0 0 0 0 0 0 

0 678 235 0
223 124 63 229 224 250 250 1 50 50 0
171 137 53 310 522 250 250 1 50 50 0
0 0 0 0 0 0 0 0
0 0 0 0 0 0 0 0 0 0 0 0 0 0 0 0 0 0 0 0 
0 2 2 4 3 4 4 4 1 4 3 2 3 4 4 1 4 3 3 0 
0 3 1 1 3 4 1 4 2 4 2 4 2 1 1 4 1 3 3 0 
0 4 3 3 3 1 1 2 4 4 2 3 2 4 1 2 4 4 1 0 
0 4 3 3 3 1 2 4 1 3 3 1 1 1 1 3 4 3 3 0 
0 4 4 2 3 1 1 4 4 1 1 3 4 2 2 3 4 4 3 0 
0 1 4 3 3 2 4 4 3 4 2 2 2 1 1 2 2 3 2 0 
0 2 2 2 3 2 4 2 3 2 4 2 1 2 3 4 1 1 2 0 
0 4 4 4 3 2 1 4 2 1 1 3 3 3 1 4 4 3 1 0 
0 3 4 4 4 4 1 1 1 3 4 1 4 1 4 3 4 2 4 0 
0 4 2 1 4 2 4 2 4 4 1 3 2 2 2 1 1 1 4 0 
0 1 1 1 4 1 1 3 1 1 1 1 2 1 4 3 1 4 1 0 
0 4 1 4 3 2 3 4 3 4 1 3 4 4 3 1 4 2 1 0 
0 1 4 1 1 1 1 2 1 1 1 1 4 1 1 4 4 3 1 0 
0 0 0 0 0 0 0 0 0 0 0 0 0 0 0 0 0 0 0 0 

0 0 0 0 0 0 0 0
0 0 0 0 0 0 0 0 0 0 0 0 0 0 0 0 0 0 0 0 
0 2 3 3 1 3 1 1 2 4 1 2 1 1 2 1 1 2 1 0 
0 2 3 1 2 3 1 1 3 1 4 3 4 1 4 2 3 1 4 0 
0 4 1 1 3 1 2 3 1 3 3 1 4 3 2 3 3 3 1 0 
0 4 3 4 4 3 2 3 3 1 4 1 1 3 4 1 4 2 1 0 
0 1 1 1 4 3 2 3 2 3 1 4 2 2 3 4 1 3 2 0 
0 2 1 4 2 1 1 3 3 4 3 2 2 4 3 2 4 2 4 0 
0 1 4 1 4 1 1 1 2 3 4 2 1 2 3 2 1 4 2 0 
0 1 2 4 1 1 2 2 4 4 3 3 1 2 4 4 3 3 4 0 
0 3 3 1 1 2 2 2 3 4 3 4 4 4 4 1 3 4 1 0 
0 4 1 4 3 3 3 3 1 2 3 3 4 2 1 2 3 1 3 0 
0 4 2 2 4 4 1 3 3 4 3 2 4 4 1 4 3 4 3 0 
0 1 2 3 2 4 1 1 2 1 2 4 1 1 3 3 2 2 2 0 
0 2 4 1 1 3 2 4 2 2 4 4 1 2 1 3 4 2 2 0 
0 0 0 0 0 0 0 0 0 0 0 0 0 0 0 0 0 0 0 0 

0 0 0 0 0 0 0 0
0 0 0 0 0 0 0 0 0 0 0 0 0 0 0 0 0 0 0 0 
0 4 3 3 4 4 2 4 4 1 2 1 2 4 2 2 4 3 4 0 
0 1 2 1 2 1 4 3 2 4 1 1 2 2 4 4 1 3 3 0 
0 2 3 3 2 4 3 4 3 1 1 2 3 4 2 4 4 4 1 0 
0 3 2 2 3 2 3 4 3 2 3 3 1 1 1 3 3 2 2 0 
0 2 1 1 2 1 2 4 4 4 3 3 3 3 2 4 1 4 1 0 
0 3 3 3 4 1 2 4 1 2 2 4 3 4 1 4 4 2 4 0 
0 1 1 4 4 3 2 2 2 3 1 2 2 1 4 4 4 3 4 0 
0 1 3 1 2 4 4 4 3 4 3 2 1 3 3 1 2 2 3 0 
0 3 4 4 2 4 1 3 1 4 3 4 3 2 4 1 2 1 4 0 
0 1 4 3 4 3 4 4 1 2 4 2 4 3 4 3 2 1 2 0 
0 3 4 2 2 2 1 4 3 4 4 1 4 4 1 4 2 1 2 0 
0 1 4 2 3 4 3 2 2 2 4 3 3 1 1 2 3 3 3 0 
0 3 2 1 3 2 1 2 1 2 1 2 2 2 2 1 3 4 4 0 
0 0 0 0 0 0 0 0 0 0 0 0 0 0 0 0 0 0 0 0 

0 2 1 1 0 0 1 2
0 0 0 0 0 0 0 0 0 0 0 0 0 0 0 0 0 0 0 0 
0 1 1 1 3 4 4 1 1 4 2 3 2 4 1 4 4 3 1 0 
0 1 1 1 2 1 2 3 3 3 3 1 3 3 2 3 3 4 3 0 
0 2 4 3 2 1 1 3 4 1 2 3 4 2 3 4 2 4 4 0 
0 3 2 2 2 1 3 4 3 4 2 1 3 4 3 2 2 4 2 0 
0 2 2 1 3 4 3 2 1 2 1 3 1 4 1 3 2 2 3 0 
0 4 1 1 3 3 1 1 2 3 2 4 2 3 1 4 3 3 3 0 
0 1 4 3 2 4 1 3 4 2 1 1 3 3 4 4 3 2 2 0 
0 3 2 3 2 3 2 3 1 3 2 3 1 4 3 1 3 1 4 0 
0 3 3 3 4 3 3 3 1 2 2 3 3 3 1 4 1 2 2 0 
0 3 1 2 1 2 4 1 2 3 1 4 3 1 2 1 3 2 3 0 
0 2 4 3 3 1 1 2 3 1 1 3 3 3 1 3 4 1 4 0 
0 4 2 1 2 2 4 4 2 2 4 1 3 2 2 2 4 4 2 0 
0 4 1 4 4 2 2 2 4 3 4 3 3 4 2 4 4 3 2 0 
0 0 0 0 0 0 0 0 0 0 0 0 0 0 0 0 0 0 0 0 

0 436 548 0
149 57 231 310 244 250 250 1 50 50 0
191 164 168 523 474 250 250 1 50 50 0
0 0 0 0 0 0 0 0
0 0 0 0 0 0 0 0 0 0 0 0 0 0 0 0 0 0 0 0 
0 4 3 1 3 2 4 4 1 3 3 2 2 4 1 2 1 3 4 0 
0 2 3 3 3 2 3 2 1 2 1 2 3 2 1 1 2 3 2 0 
0 1 3 3 3 1 4 1 4 4 2 4 3 2 2 1 4 4 2 0 
0 3 1 2 4 2 3 2 3 4 3 4 2 4 4 4 2 2 4 0 
0 2 2 4 1 4 3 3 1 4 3 4 3 4 2 4 2 2 1 0 
0 4 3 3 3 1 2 1 1 1 4 2 2 4 3 4 3 4 3 0 
0 1 2 3 1 1 2 3 4 4 2 1 1 2 1 3 4 3 4 0 
0 1 3 4 1 3 1 3 2 4 2 4 3 4 4 4 2 4 4 0 
0 3 3 4 2 4 4 2 2 4 1 1 3 4 2 1 3 2 3 0 
0 3 4 4 2 1 3 4 4 3 4 1 2 3 4 4 2 1 4 0 
0 2 3 1 1 3 1 3 2 2 4 4 4 2 2 3 2 4 4 0 
0 4 3 3 2 2 4 4 1 3 3 2 3 2 3 1 2 4 3 0 
0 3 2 4 4 1 3 3 3 1 2 4 4 1 3 2 3 1 4 0 
0 0 0 0 0 0 0 0 0 0 0 0 0 0 0 0 0 0 0 0 

0 2 1 1 0 0 2 1
0 0 0 0 0 0 0 0 0 0 0 0 0 0 0 0 0 0 0 0 
0 2 4 4 4 2 1 3 4 4 3 1 3 2 3 4 1 3 1 0 
0 4 1 3 4 2 2 3 2 4 4 1 4 3 2 3 2 2 1 0 
0 3 4 4 2 2 4 4 3 3 3 4 1 3 3 1 1 2 3 0 
0 2 4 4 2 3 4 1 2 2 4 3 3 4 1 2 3 2 3 0 
0 2 1 2 4 4 1 4 2 3 1 3 4 3 4 3 2 1 1 0 
0 2 2 2 3 1 1 1 4 1 2 2 3 4 3 3 1 3 2 0 
0 1 2 4 3 2 2 2 4 1 4 2 2 1 3 3 2 1 3 0 
0 2 1 2 3 2 3 1 1 1 3 2 3 1 2 1 4 1 2 0 
0 1 2 2 1 2 3 2 2 1 4 3 1 2 1 1 3 3 2 0 
0 1 3 2 2 1 3 4 1 1 4 4 1 2 4 2 3 1 3 0 
0 1 2 4 1 2 3 1 3 3 1 2 1 2 2 3 3 3 3 0 
0 2 3 4 2 2 3 2 3 3 3 1 3 2 1 4 1 1 1 0 
0 3 1 4 1 1 1 1 2 2 3 1 1 2 2 3 1 3 4 0 
0 0 0 0 0 0 0 0 0 0 0 0 0 0 0 0 0 0 0 0 

0 863 343 0
0 418 255 0
202 160 177 727 480 250 250 1 50 50 0
0 2 1 0 1 0 2 1
0 0 0 0 0 0 0 0 0 0 0 0 0 0 0 0 0 0 0 0 
0 1 2 3 1 2 3 3 4 2 3 4 3 4 2 3 2 1 1 0 
0 1 3 2 2 2 4 1 1 2 4 4 1 1 4 2 3 1 4 0 
0 2 3 3 3 1 2 1 4 3 3 1 3 3 1 2 4 2 3 0 
0 4 2 3 1 1 2 1 2 2 3 4 2 2 1 4 4 3 4 0 
0 1 3 3 3 1 3 1 4 3 2 3 4 4 2 2 2 3 2 0 
0 4 3 3 1 1 3 2 2 3 1 1 2 4 1 4 2 3 1 0 
0 4 4 4 2 1 2 1 1 4 2 2 2 4 1 4 2 1 1 0 
0 4 2 2 3 2 3 4 1 3 3 2 2 3 1 1 2 2 1 0 
0 4 3 1 3 4 3 4 3 3 3 1 4 3 4 1 1 2 3 0 
0 3 1 3 1 4 1 2 2 1 2 4 3 3 3 1 3 1 4 0 
0 1 4 3 4 2 3 3 1 2 3 1 4 1 3 4 4 3 3 0 
0 4 1 1 4 2 4 2 4 2 2 3 2 2 3 1 4 2 2 0 
0 2 4 2 3 3 2 2 3 4 2 2 3 4 1 3 4 1 4 0 
0 0 0 0 0 0 0 0 0 0 0 0 0 0 0 0 0 0 0 0 

0 55 338 0
0 631 359 0
50 4 180 501 373 250 250 1 50 50 0
0 2 0 0 1 1 0 1
0 0 0 0 0 0 0 0 0 0 0 0 0 0 0 0 0 0 0 0 
0 3 1 1 4 3 3 2 1 2 1 2 3 3 1 4 1 1 4 0 
0 1 3 1 4 3 4 1 3 4 4 4 3 1 2 3 2 1 2 0 
0 4 2 2 1 3 3 4 1 3 3 2 3 2 2 2 2 1 4 0 
0 2 1 2 1 4 1 4 1 2 2 2 3 3 1 4 4 2 2 0 
0 2 1 3 1 3 4 3 4 1 4 1 1 3 2 1 1 3 4 0 
0 1 2 4 3 3 1 1 2 2 4 1 3 2 3 3 4 3 1 0 
0 3 1 4 3 1 4 3 3 2 3 3 4 2 4 1 2 2 3 0 
0 2 2 4 3 1 1 1 2 3 3 1 1 3 3 1 2 1 1 0 
0 2 3 4 3 1 2 2 3 1 2 4 2 4 1 3 4 4 4 0 
0 4 4 1 2 3 2 2 1 4 2 3 1 3 4 3 2 2 4 0 
0 3 3 2 4 4 1 1 3 1 4 2 4 3 1 4 3 2 2 0 
0 4 3 2 4 1 4 4 3 3 2 4 4 1 2 2 2 1 1 0 
0 2 2 4 3 1 1 2 3 2 1 1 3 2 1 2 4 4 2 0 
0 0 0 0 0 0 0 0 0 0 0 0 0 0 0 0 0 0 0 0 

181 69 199 662 357 250 250 1 50 50 0
0 2 0 0 1 1 2 1
0 0 0 0 0 0 0 0 0 0 0 0 0 0 0 0 0 0 0 0 
0 4 3 2 1 3 4 2 2 2 2 3 3 4 4 4 4 2 1 0 
0 4 3 4 3 4 3 1 3 4 1 1 4 1 1 2 2 1 1 0 
0 1 2 2 2 3 4 1 2 3 4 1 1 4 1 3 4 3 3 0 
0 2 4 1 1 4 2 4 4 2 2 1 2 2 2 3 3 3 1 0 
0 3 3 2 1 2 2 1 2 2 4 1 1 2 2 4 2 2 3 0 
0 3 1 2 4 2 2 1 3 3 3 2 2 3 4 4 4 4 2 0 
0 2 1 3 3 4 3 3 1 4 2 2 1 4 1 1 1 4 3 0 
0 3 1 1 1 3 2 2 2 1 2 1 1 3 2 1 1 1 4 0 
0 3 3 4 2 1 1 2 4 1 2 1 1 4 3 1 1 3 3 0 
0 2 1 4 3 2 1 3 4 2 3 4 2 2 2 1 1 3 1 0 
0 1 4 4 2 1 4 2 1 2 2 1 1 4 2 1 4 4 2 0 
0 4 2 1 1 4 4 3 1 1 3 1 3 3 2 2 2 3 2 0 
0 2 4 2 3 1 2 3 4 4 3 3 3 4 2 1 4 3 4 0 
0 0 0 0 0 0 0 0 0 0 0 0 0 0 0 0 0 0 0 0 

0 223 594 0
0 721 592 0
173 160 225 772 382 250 250 1 50 50 0
0 2 0 0 1 1 0 1
0 0 0 0 0 0 0 0 0 0 0 0 0 0 0 0 0 0 0 0 
0 3 4 3 2 3 1 4 2 3 4 2 1 4 4 1 4 3 3 0 
0 4 3 3 2 1 4 1 4 3 4 4 4 2 2 3 4 3 1 0 
0 1 3 3 3 2 4 3 1 3 3 4 1 1 4 4 3 1 4 0 
0 2 1 3 4 4 2 3 2 4 2 1 2 2 1 4 4 3 2 0 
0 3 1 2 2 3 2 2 3 1 1 1 1 4 3 1 2 2 1 0 
0 4 1 2 3 2 2 4 3 3 4 3 1 1 1 2 2 2 4 0 
0 3 4 3 3 4 3 3 4 1 4 1 3 4 4 3 1 2 4 0 
0 2 2 2 4 1 4 1 1 1 2 2 2 1 1 1 3 3 1 0 
0 2 2 4 2 1 4 4 4 4 2 4 1 1 1 2 3 1 2 0 
0 2 1 2 2 2 4 4 2 4 4 1 2 4 2 3 3 3 3 0 
0 3 3 2 2 4 1 2 1 2 4 3 2 1 4 2 3 2 3 0 
0 2 1 4 1 4 4 2 4 1 1 2 4 3 4 2 1 1 1 0 
0 1 3 1 2 2 3 3 2 3 4 4 4 2 1 4 2 1 3 0 
0 0 0 0 0 0 0 0 0 0 0 0 0 0 0 0 0 0 0 0 

26 108 197 429 224 250 250 1 50 50 0
0 2 1 0 0 1 2 1
0 0 0 0 0 0 0 0 0 0 0 0 0 0 0 0 0 0 0 0 
0 1 4 2 2 2 3 3 3 1 2 4 3 1 4 2 3 4 1 0 
0 4 1 4 4 3 1 1 1 4 1 1 3 2 2 2 4 3 3 0 
0 2 1 1 2 2 4 1 3 3 2 1 3 3 4 3 2 3 1 0 
0 2 4 1 2 4 1 4 2 2 1 1 4 3 2 1 3 3 2 0 
0 2 3 4 1 1 4 3 3 3 1 4 2 1 1 1 1 2 4 0 
0 1 1 1 3 1 1 2 3 2 2 1 1 4 3 3 3 3 3 0 
0 3 1 1 1 1 4 2 1 1 2 1 2 2 1 3 2 3 3 0 
0 3 1 2 4 2 2 4 1 4 3 4 2 1 2 2 2 2 2 0 
0 1 4 2 1 1 2 3 2 3 1 4 1 3 2 1 4 1 3 0 
0 2 1 3 1 3 2 3 3 3 4 4 1 2 1 4 3 1 4 0 
0 1 3 2 3 3 1 3 2 2 4 1 2 2 2 2 4 3 4 0 
0 2 1 3 4 4 2 4 1 2 3 4 3 3 4 1 4 2 4 0 
0 4 4 1 1 3 1 2 4 3 4 4 1 3 1 1 1 4 4 0 
0 0 0 0 0 0 0 0 0 0 0 0 0 0 0 0 0 0 0 0 

0 685 553 0
0 274 75 0
67 170 194 731 400 250 250 1 50 50 0
0 0 0 0 0 0 2 0
0 0 0 0 0 0 0 0 0 0 0 0 0 0 0 0 0 0 0 0 
0 3 4 3 1 4 1 3 2 4 4 4 2 1 1 3 2 4 4 0 
0 2 2 3 1 3 3 1 4 2 4 3 4 3 1 3 1 1 2 0 
0 1 3 4 4 2 3 1 2 3 4 4 3 3 1 4 1 1 2 0 
0 3 1 1 4 4 3 3 2 4 2 2 4 3 2 3 2 1 4 0 
0 4 2 2 3 1 1 1 3 1 4 3 1 2 2 2 2 1 1 0 
0 1 4 3 4 1 4 3 3 2 1 1 2 1 4 3 2 2 3 0 
0 2 2 1 2 2 4 2 3 1 3 4 1 4 4 4 2 3 4 0 
0 1 2 3 2 2 3 4 2 2 2 3 4 1 4 1 1 1 2 0 
0 4 3 4 4 1 4 1 4 3 4 1 2 4 2 3 2 3 4 0 
0 4 2 2 1 4 4 4 4 4 1 4 4 2 4 2 2 3 3 0 
0 1 3 2 3 3 3 4 2 4 2 3 2 2 2 4 3 2 3 0 
0 2 2 2 1 2 1 1 3 4 2 4 3 4 4 1 2 3 3 0 
0 4 2 4 3 4 2 4 1 3 3 3 1 1 4 2 2 1 3 0 
0 0 0 0 0 0 0 0 0 0 0 0 0 0 0 0 0 0 0 0 

1 892 182 0
1 797 397 0
0 1 1 0 0 0 1 1
0 0 0 0 0 0 0 0 0 0 0 0 0 0 0 0 0 0 0 0 
0 3 1 1 2 2 1 4 2 4 1 3 2 3 2 4 3 4 3 0 
0 4 3 3 3 2 1 3 2 4 4 4 4 2 2 4 2 3 2 0 
0 2 3 3 2 3 1 3 1 2 2 3 1 4 3 3 2 1 4 0 
0 2 3 2 2 2 1 1 3 2 1 4 4 2 2 2 4 3 4 0 
0 4 1 1 1 3 3 1 2 1 3 4 1 3 1 3 4 2 4 0 
0 4 3 2 1 3 2 4 4 3 2 3 1 1 2 1 1 2 3 0 
0 4 2 1 4 4 4 1 2 4 3 1 2 3 4 4 4 4 2 0 
0 1 4 1 3 1 3 3 1 4 4 2 1 2 1 2 2 4 1 0 
0 1 4 3 1 3 3 2 1 3 1 4 2 2 1 1 2 3 1 0 
0 4 2 2 3 1 3 3 2 3 4 4 2 4 4 2 2 4 4 0 
0 1 1 4 3 1 3 4 2 3 1 3 2 1 2 3 2 4 3 0 
0 4 2 4 2 1 3 4 1 3 1 2 2 4 2 3 3 4 3 0 
0 1 4 1 4 4 3 1 4 1 3 2 4 1 1 2 4 3 2 0 
0 0 0 0 0 0 0 0 0 0 0 0 0 0 0 0 0 0 0 0 

0 709 70 0
4 0 192 372 310 250 250 1 50 50 0
