#Sauvegarde
./saves/Save3.txt
#Labyrinthe
Seed
1583133149
#Player
PV
500
PVMax
500
Coord_Pl_Salle
484 288
Coord_Pl_Lab
0 3
Damage
100
NbObjets
0
#Inventaire
#Salles
#Explorer
1 1 0 0 1 0 0 0
0 0 0 0 0 0 0 0 0 0 0 0 0 0 0 0 0 0 0 0 
0 4 2 4 2 2 2 3 4 3 4 4 2 2 4 2 4 2 3 0 
0 3 3 3 4 4 1 3 1 4 4 4 1 2 4 3 1 1 4 0 
0 3 3 3 1 3 2 3 4 1 4 3 3 2 1 1 4 1 4 0 
0 4 3 4 4 2 3 4 3 2 2 3 2 1 1 1 3 2 3 0 
0 4 4 2 1 3 1 3 4 1 3 3 1 2 2 3 1 1 4 0 
0 3 1 2 1 2 1 2 3 1 2 1 2 4 1 1 2 1 3 0 
0 2 3 2 2 1 4 3 2 2 1 2 2 1 4 2 2 4 4 0 
0 2 2 2 3 3 2 4 3 2 1 4 2 3 1 4 1 2 4 0 
0 4 4 1 1 1 2 3 1 2 4 2 1 3 4 2 4 2 1 0 
0 2 1 3 3 1 2 1 4 2 4 4 3 4 3 3 4 4 3 0 
0 2 2 3 3 1 4 3 4 3 1 3 4 1 4 1 3 3 1 0 
0 4 3 4 1 2 3 3 1 2 1 1 1 3 2 2 1 4 2 0 
0 1 2 1 3 2 4 3 2 3 3 4 1 3 3 3 3 3 1 0 
0 0 0 0 0 0 0 0 0 0 0 0 0 0 0 0 0 0 0 0 

1 2 0 0 1 1 1 1
0 0 0 0 0 0 0 0 0 0 0 0 0 0 0 0 0 0 0 0 
0 1 2 1 2 2 1 2 1 2 3 1 1 1 1 3 1 4 4 0 
0 4 2 2 3 4 1 3 2 4 2 4 2 2 1 3 2 2 1 0 
0 3 4 1 4 2 1 1 2 2 3 3 1 2 2 2 3 4 1 0 
0 4 3 2 3 4 2 4 1 2 3 2 3 3 4 2 3 4 4 0 
0 3 4 1 4 2 3 4 3 1 1 2 4 1 1 2 3 3 1 0 
0 4 2 1 1 4 3 3 2 2 1 4 1 4 3 4 4 2 1 0 
0 3 2 4 3 2 1 2 3 1 4 1 3 4 4 4 1 4 4 0 
0 3 2 1 4 2 1 1 1 3 4 1 4 1 3 1 4 1 3 0 
0 4 2 1 4 1 1 2 1 4 1 1 3 4 3 4 1 2 2 0 
0 1 2 2 3 2 2 2 2 4 3 1 4 1 4 2 1 3 2 0 
0 1 4 2 4 4 2 2 4 4 1 4 2 2 4 3 4 2 4 0 
0 1 3 1 1 1 1 4 1 4 1 1 2 3 1 1 4 4 1 0 
0 2 1 4 1 2 3 2 3 2 1 2 3 4 3 1 1 3 2 0 
0 0 0 0 0 0 0 0 0 0 0 0 0 0 0 0 0 0 0 0 

0 114 598 0
22 253 248 705 343 100 100 1 50 50 0
1 2 0 1 0 1 0 1
0 0 0 0 0 0 0 0 0 0 0 0 0 0 0 0 0 0 0 0 
0 3 2 2 4 4 3 3 1 3 4 3 3 2 3 3 4 4 3 0 
0 2 2 3 4 4 1 4 2 3 3 4 1 4 3 2 1 2 1 0 
0 3 4 1 2 4 3 4 1 1 2 1 1 4 2 2 3 1 1 0 
0 3 4 2 1 2 2 1 1 4 2 1 1 2 4 1 2 1 4 0 
0 4 4 4 4 1 4 4 4 1 1 2 1 1 4 4 3 4 2 0 
0 4 4 2 3 1 3 3 2 2 3 3 2 2 2 1 2 2 1 0 
0 1 1 4 2 2 2 2 2 1 2 4 1 3 3 4 4 1 1 0 
0 2 4 2 3 2 1 4 4 2 4 1 3 4 1 4 4 2 1 0 
0 1 4 2 1 1 2 1 3 4 1 2 1 1 4 4 2 2 1 0 
0 2 2 4 4 1 4 2 1 1 1 4 2 1 4 1 3 4 1 0 
0 4 1 3 3 1 1 3 1 4 2 2 1 3 4 2 2 3 3 0 
0 2 4 3 2 1 2 3 1 1 4 3 4 4 2 4 3 1 4 0 
0 3 3 4 2 1 2 2 3 1 4 4 3 2 1 2 4 2 2 0 
0 0 0 0 0 0 0 0 0 0 0 0 0 0 0 0 0 0 0 0 

215 113 116 389 437 100 100 1 50 50 0
0 0 0 0 0 0 0 0
0 0 0 0 0 0 0 0 0 0 0 0 0 0 0 0 0 0 0 0 
0 4 2 3 4 1 3 2 2 3 3 1 1 1 1 1 3 1 4 0 
0 3 4 2 1 3 3 3 2 1 4 4 1 4 3 2 3 2 2 0 
0 1 3 3 3 1 3 3 1 3 3 3 3 2 2 2 4 2 1 0 
0 2 1 2 2 4 1 2 3 3 3 1 4 4 1 2 2 4 2 0 
0 4 2 3 2 1 1 4 2 2 2 1 4 2 2 4 3 4 3 0 
0 3 1 1 1 4 2 4 3 2 1 1 1 2 4 3 4 2 3 0 
0 1 1 4 2 2 1 1 3 2 4 1 1 2 3 2 3 3 1 0 
0 4 2 3 1 2 3 2 4 3 4 3 4 2 3 4 1 1 2 0 
0 1 1 4 3 1 1 3 2 3 4 4 2 4 3 3 3 4 1 0 
0 1 1 4 3 4 2 2 1 1 2 1 1 3 2 1 2 4 1 0 
0 2 2 3 1 2 2 2 1 1 4 3 4 4 4 4 3 2 3 0 
0 1 4 3 1 1 3 1 3 4 1 4 3 2 2 1 4 2 2 0 
0 1 3 2 1 2 1 4 2 4 3 4 1 1 4 4 3 4 4 0 
0 0 0 0 0 0 0 0 0 0 0 0 0 0 0 0 0 0 0 0 

0 1 0 0 1 0 0 1
0 0 0 0 0 0 0 0 0 0 0 0 0 0 0 0 0 0 0 0 
0 2 4 2 1 1 2 4 2 3 4 1 4 1 1 2 2 2 3 0 
0 2 1 4 1 4 4 2 4 3 1 3 3 1 4 2 2 4 2 0 
0 3 3 3 1 2 3 4 2 4 1 4 1 4 1 1 3 2 4 0 
0 2 3 4 1 3 2 3 3 1 4 1 4 2 3 3 4 4 4 0 
0 3 3 2 2 4 1 2 3 1 2 1 2 2 3 4 1 3 3 0 
0 2 1 1 2 4 1 1 1 4 3 1 3 3 3 1 4 4 4 0 
0 4 1 2 4 2 3 2 3 1 1 3 3 3 4 3 4 1 2 0 
0 4 2 3 3 4 3 1 2 1 2 1 4 1 4 4 3 4 1 0 
0 1 1 4 1 1 2 3 4 2 1 3 2 2 2 3 4 1 3 0 
0 2 1 4 2 2 1 1 3 4 4 1 3 1 1 3 4 1 4 0 
0 1 3 3 2 3 1 4 4 2 2 4 2 4 1 3 4 3 4 0 
0 4 3 2 3 3 2 2 3 2 4 2 2 3 2 4 1 4 2 0 
0 1 3 2 3 4 1 4 4 1 2 3 3 2 2 2 3 4 4 0 
0 0 0 0 0 0 0 0 0 0 0 0 0 0 0 0 0 0 0 0 

49 30 229 689 480 100 100 1 50 50 0
0 2 0 0 1 1 0 1
0 0 0 0 0 0 0 0 0 0 0 0 0 0 0 0 0 0 0 0 
0 4 3 1 4 1 2 2 1 2 2 4 2 3 2 1 4 3 2 0 
0 3 2 1 3 3 2 4 3 4 3 1 3 2 4 2 2 4 2 0 
0 3 1 2 4 2 1 1 1 2 1 4 4 2 2 2 2 4 4 0 
0 3 4 2 2 2 2 1 3 2 2 4 1 3 2 1 1 1 3 0 
0 1 2 3 3 2 2 2 4 4 3 1 3 2 4 2 3 1 4 0 
0 1 1 2 2 2 2 2 1 3 2 1 4 4 1 1 2 3 2 0 
0 4 1 1 3 3 2 1 1 1 3 3 1 2 3 2 3 4 3 0 
0 4 1 3 3 3 3 2 2 4 2 4 2 3 3 2 4 1 1 0 
0 1 1 1 1 3 3 1 4 2 2 3 1 1 2 2 3 4 4 0 
0 2 1 1 1 2 4 2 1 2 4 4 2 4 4 3 4 4 1 0 
0 2 4 1 3 2 3 4 2 4 1 4 4 4 1 4 4 1 2 0 
0 4 3 2 1 2 1 3 1 4 1 4 3 1 1 2 1 4 3 0 
0 3 3 4 3 3 4 2 2 4 1 1 1 2 4 3 3 1 4 0 
0 0 0 0 0 0 0 0 0 0 0 0 0 0 0 0 0 0 0 0 

239 181 222 345 364 100 100 1 50 50 0
0 2 0 1 0 1 1 1
0 0 0 0 0 0 0 0 0 0 0 0 0 0 0 0 0 0 0 0 
0 4 2 4 2 4 4 4 2 3 1 3 2 2 4 2 3 3 4 0 
0 2 3 3 4 1 2 2 3 4 1 2 3 2 1 4 2 2 4 0 
0 1 2 1 3 2 4 4 3 3 2 2 1 1 3 4 4 2 4 0 
0 1 3 3 1 4 4 3 1 4 2 2 1 1 2 2 2 4 4 0 
0 1 4 2 3 1 3 3 1 1 2 4 3 2 1 1 4 1 4 0 
0 3 3 1 2 4 2 2 1 4 4 2 3 3 2 2 4 4 2 0 
0 3 2 3 3 4 2 1 1 2 2 4 2 1 2 4 1 3 4 0 
0 3 4 4 2 3 1 4 1 2 2 1 1 3 3 2 1 1 1 0 
0 3 2 1 4 3 4 2 3 1 1 4 3 4 2 3 3 3 1 0 
0 3 2 2 4 3 2 4 2 4 2 2 4 2 4 1 3 4 3 0 
0 2 1 2 3 1 1 1 1 2 3 3 4 4 2 1 1 1 4 0 
0 2 1 1 1 2 2 4 3 2 1 1 1 3 3 1 4 1 1 0 
0 4 1 1 1 4 4 4 3 1 1 3 1 4 4 1 4 4 2 0 
0 0 0 0 0 0 0 0 0 0 0 0 0 0 0 0 0 0 0 0 

0 364 133 0
35 254 224 428 427 100 100 1 50 50 0
0 0 0 0 0 0 0 0
0 0 0 0 0 0 0 0 0 0 0 0 0 0 0 0 0 0 0 0 
0 1 3 3 4 2 3 3 1 1 3 3 1 1 2 1 2 3 4 0 
0 4 3 2 2 3 1 4 4 3 2 4 3 3 4 1 1 3 2 0 
0 4 1 2 4 3 1 4 3 2 4 1 4 3 4 2 1 1 1 0 
0 1 4 4 4 1 3 2 4 2 3 4 4 4 3 4 2 2 2 0 
0 2 1 1 3 1 1 2 3 4 3 3 4 3 4 3 2 3 4 0 
0 4 4 3 1 2 2 4 2 1 3 3 2 1 4 3 1 2 3 0 
0 1 3 1 4 1 4 3 4 3 1 1 1 4 1 4 2 1 2 0 
0 4 1 3 4 3 1 1 3 4 3 3 1 1 3 3 2 2 3 0 
0 1 4 2 3 1 3 3 4 3 2 2 3 3 1 3 1 4 2 0 
0 1 4 4 4 3 3 4 3 1 2 4 3 1 4 2 2 2 2 0 
0 4 4 2 2 2 3 1 4 3 3 1 2 4 1 1 4 1 3 0 
0 2 4 2 2 2 1 4 2 1 2 3 2 3 3 2 4 4 3 0 
0 2 4 2 4 3 2 1 2 3 2 1 3 4 2 2 1 4 3 0 
0 0 0 0 0 0 0 0 0 0 0 0 0 0 0 0 0 0 0 0 

0 0 0 0 0 0 0 0
0 0 0 0 0 0 0 0 0 0 0 0 0 0 0 0 0 0 0 0 
0 2 3 4 2 4 3 3 3 1 4 2 4 2 4 4 4 3 2 0 
0 1 4 3 3 1 4 1 4 1 3 1 4 1 2 3 1 3 2 0 
0 3 1 4 3 1 2 2 2 1 1 1 3 2 2 2 1 4 2 0 
0 4 1 2 4 3 2 4 3 3 2 3 1 3 1 1 3 3 1 0 
0 4 1 3 4 1 3 2 3 4 4 3 4 1 2 4 2 1 2 0 
0 3 4 4 1 1 3 1 4 3 2 2 2 2 1 2 4 4 2 0 
0 3 1 4 2 4 2 1 1 3 4 2 4 1 1 3 1 1 4 0 
0 3 2 3 1 3 4 2 4 4 3 4 3 1 2 3 4 3 3 0 
0 2 4 3 4 3 4 3 4 4 2 4 1 1 2 2 3 2 4 0 
0 2 4 3 1 2 2 3 2 3 1 2 2 3 3 1 1 2 3 0 
0 1 1 2 4 2 1 4 2 2 1 4 4 4 1 3 3 1 4 0 
0 4 3 2 3 3 3 4 2 1 4 2 2 2 2 2 4 2 3 0 
0 4 1 4 2 2 3 1 1 3 3 3 3 2 3 1 3 1 4 0 
0 0 0 0 0 0 0 0 0 0 0 0 0 0 0 0 0 0 0 0 

1 2 1 1 0 0 1 2
0 0 0 0 0 0 0 0 0 0 0 0 0 0 0 0 0 0 0 0 
0 1 4 1 1 3 2 3 4 4 4 3 1 3 3 1 2 4 2 0 
0 1 4 3 3 2 1 2 3 3 2 2 3 1 2 2 1 3 4 0 
0 3 1 4 2 4 2 2 2 4 2 4 3 4 4 2 2 2 3 0 
0 2 3 2 1 1 3 3 1 4 1 2 2 4 4 2 3 1 2 0 
0 1 2 3 4 3 2 3 2 1 4 3 3 3 1 1 4 1 1 0 
0 2 3 2 1 3 3 3 3 2 4 1 2 1 1 3 4 1 1 0 
0 1 3 3 2 2 1 4 4 1 4 3 1 1 4 4 2 1 2 0 
0 4 3 4 1 2 1 2 3 1 4 2 1 4 2 3 2 3 1 0 
0 3 2 4 3 2 3 4 2 2 3 3 2 4 2 4 4 2 2 0 
0 4 3 4 4 2 1 1 1 2 3 3 1 3 1 2 3 3 3 0 
0 1 2 4 2 4 2 4 4 3 3 3 4 4 2 2 3 1 3 0 
0 3 1 4 1 4 2 1 2 2 2 4 4 1 4 2 4 2 1 0 
0 2 1 4 4 3 2 4 3 3 1 1 4 4 4 4 3 4 3 0 
0 0 0 0 0 0 0 0 0 0 0 0 0 0 0 0 0 0 0 0 

0 364 480 0
122 251 190 427 465 100 100 1 50 50 0
49 41 43 420 418 100 100 1 50 50 0
0 0 0 0 0 0 0 0
0 0 0 0 0 0 0 0 0 0 0 0 0 0 0 0 0 0 0 0 
0 2 4 4 1 1 4 1 2 1 1 2 1 3 4 1 4 1 1 0 
0 1 4 4 1 3 1 4 1 1 2 2 1 4 3 4 3 3 4 0 
0 2 3 1 2 3 3 3 2 2 3 1 2 3 1 2 2 1 4 0 
0 2 4 4 2 1 2 2 4 4 1 3 3 1 4 1 1 2 4 0 
0 3 4 1 1 2 1 2 4 1 3 1 1 3 2 4 2 3 4 0 
0 3 4 3 3 4 1 1 4 1 1 1 2 4 3 1 4 3 2 0 
0 4 1 1 4 3 1 4 1 2 3 3 4 2 1 3 1 3 2 0 
0 1 3 2 1 4 2 2 3 4 2 3 3 3 2 3 3 2 1 0 
0 3 1 2 4 4 4 3 1 4 1 1 3 3 2 1 4 2 4 0 
0 1 4 3 4 1 1 2 4 2 4 2 3 1 1 4 2 4 3 0 
0 1 3 3 4 3 4 2 1 1 3 4 2 2 4 1 4 4 2 0 
0 4 1 1 2 1 2 4 1 2 3 2 2 1 2 4 4 1 2 0 
0 3 3 3 3 1 2 4 2 2 1 2 1 2 1 1 2 2 1 0 
0 0 0 0 0 0 0 0 0 0 0 0 0 0 0 0 0 0 0 0 

0 0 0 0 0 0 2 0
0 0 0 0 0 0 0 0 0 0 0 0 0 0 0 0 0 0 0 0 
0 3 2 1 1 4 2 2 1 3 1 4 4 2 2 2 4 4 2 0 
0 2 3 3 3 3 4 3 4 1 3 1 2 4 4 3 4 4 3 0 
0 2 1 3 4 1 2 3 2 3 4 2 2 1 3 4 4 1 3 0 
0 3 3 2 3 1 3 1 4 2 3 4 1 1 1 1 3 4 1 0 
0 4 3 2 2 2 3 3 3 1 3 2 1 1 4 3 2 3 4 0 
0 4 3 3 1 1 2 1 2 2 1 4 2 1 4 4 3 1 1 0 
0 1 4 3 2 2 4 2 2 4 1 3 2 4 3 4 2 3 4 0 
0 4 4 1 1 4 1 2 1 4 1 3 4 2 3 3 4 4 4 0 
0 4 2 1 3 2 4 4 1 2 3 2 4 2 1 3 3 2 3 0 
0 3 3 3 2 4 1 1 1 3 4 4 3 3 3 4 4 1 1 0 
0 3 4 1 4 2 2 3 4 3 2 2 4 4 4 2 2 1 1 0 
0 2 1 1 4 4 1 2 3 3 1 2 4 1 4 3 1 3 1 0 
0 3 1 4 1 2 1 4 1 4 1 2 4 2 3 4 2 3 4 0 
0 0 0 0 0 0 0 0 0 0 0 0 0 0 0 0 0 0 0 0 

0 596 355 0
0 821 562 0
0 0 0 0 0 0 0 0
0 0 0 0 0 0 0 0 0 0 0 0 0 0 0 0 0 0 0 0 
0 2 4 2 1 1 3 4 1 2 2 2 4 2 4 4 1 4 2 0 
0 1 3 2 4 3 4 3 4 2 3 2 4 2 3 4 3 3 4 0 
0 1 2 4 2 4 1 1 1 4 4 2 3 1 2 1 3 2 4 0 
0 2 4 3 3 2 4 3 3 3 2 1 1 1 1 3 4 2 2 0 
0 1 2 2 4 2 3 3 2 1 3 4 2 2 1 1 1 4 3 0 
0 4 2 1 2 3 2 3 3 2 1 2 4 2 2 1 3 2 2 0 
0 2 4 4 2 2 3 3 4 4 3 4 3 1 3 4 2 1 2 0 
0 3 3 4 4 3 1 3 4 3 4 2 4 1 3 3 4 4 4 0 
0 3 2 3 2 1 2 4 1 1 3 2 1 4 4 3 3 4 1 0 
0 3 2 4 1 1 1 4 2 4 2 1 3 2 3 1 4 4 1 0 
0 2 3 1 2 1 3 2 4 2 4 2 1 4 1 3 3 1 3 0 
0 3 1 4 2 2 1 1 3 3 1 3 3 1 4 1 1 1 2 0 
0 3 2 1 1 1 3 1 4 3 3 2 3 2 4 3 1 2 1 0 
0 0 0 0 0 0 0 0 0 0 0 0 0 0 0 0 0 0 0 0 

0 2 1 1 0 0 0 1
0 0 0 0 0 0 0 0 0 0 0 0 0 0 0 0 0 0 0 0 
0 1 2 3 4 2 1 2 2 4 2 2 4 3 1 1 4 1 1 0 
0 2 1 4 4 4 1 2 1 1 1 1 2 1 2 3 3 1 4 0 
0 4 2 1 3 3 2 3 2 2 3 1 2 4 2 3 3 1 2 0 
0 4 2 2 4 2 2 1 2 3 3 1 3 2 4 4 2 2 3 0 
0 3 4 4 1 3 4 2 2 1 4 4 1 1 3 2 2 2 4 0 
0 4 2 1 2 4 1 1 1 4 4 2 2 2 1 1 1 1 3 0 
0 4 2 4 4 2 4 4 2 2 2 4 4 1 3 1 1 4 1 0 
0 2 4 1 1 4 3 2 1 3 3 2 3 1 1 4 1 1 1 0 
0 4 4 3 1 1 2 4 1 4 1 2 3 1 3 3 1 3 2 0 
0 3 1 2 1 3 3 3 3 4 3 3 4 3 2 3 1 3 4 0 
0 2 2 4 1 2 1 4 2 3 2 3 2 3 1 2 4 2 4 0 
0 3 4 2 2 2 1 1 1 2 3 1 4 2 3 2 2 3 3 0 
0 2 2 1 1 3 3 2 1 3 3 1 4 2 3 4 3 4 1 0 
0 0 0 0 0 0 0 0 0 0 0 0 0 0 0 0 0 0 0 0 

159 97 207 695 206 100 100 1 50 50 0
0 1 0 1 0 0 0 1
0 0 0 0 0 0 0 0 0 0 0 0 0 0 0 0 0 0 0 0 
0 4 1 1 2 4 2 4 4 2 2 2 3 3 4 1 3 4 2 0 
0 1 3 1 4 3 3 3 4 3 4 1 3 3 4 3 3 1 2 0 
0 1 4 1 2 2 2 1 4 2 1 2 1 3 2 3 3 1 1 0 
0 1 3 4 4 2 4 2 1 3 4 3 4 2 3 3 2 1 4 0 
0 4 1 3 1 1 4 1 3 1 3 1 1 3 2 3 3 1 1 0 
0 2 2 1 1 1 3 4 2 2 2 4 2 2 3 2 4 3 2 0 
0 4 3 1 4 1 1 1 3 2 3 1 2 3 3 3 3 3 4 0 
0 2 2 1 3 3 4 4 4 2 1 4 4 2 3 2 2 2 2 0 
0 3 2 1 4 1 1 2 3 3 4 2 1 3 3 2 4 1 1 0 
0 3 4 4 1 4 3 4 1 1 2 3 3 3 1 4 3 4 4 0 
0 4 1 3 2 1 4 3 3 2 4 2 2 4 1 1 4 1 4 0 
0 2 4 4 3 1 2 1 4 2 4 2 2 4 1 2 2 3 2 0 
0 1 1 1 2 4 2 3 4 2 3 3 2 2 4 2 1 2 2 0 
0 0 0 0 0 0 0 0 0 0 0 0 0 0 0 0 0 0 0 0 

217 124 107 829 413 2813 2813 1 273 212 1
0 0 0 0 0 0 0 0
0 0 0 0 0 0 0 0 0 0 0 0 0 0 0 0 0 0 0 0 
0 4 2 1 4 3 1 2 1 4 3 3 2 1 4 1 2 4 3 0 
0 3 2 4 4 2 1 2 2 1 4 4 2 1 4 3 1 3 1 0 
0 1 4 1 4 3 3 1 3 2 2 4 2 4 2 3 3 1 4 0 
0 4 2 2 4 2 1 2 2 4 4 2 3 1 3 2 1 2 4 0 
0 4 3 2 1 4 1 2 3 3 1 1 3 4 4 1 1 4 2 0 
0 2 1 3 1 4 4 3 4 2 1 1 4 4 4 2 2 4 1 0 
0 2 2 3 4 2 3 3 1 3 3 2 2 4 3 2 2 3 1 0 
0 1 2 1 3 2 1 2 1 4 3 2 3 3 4 4 1 3 1 0 
0 3 1 2 1 3 3 2 2 1 3 3 3 4 4 4 4 2 1 0 
0 4 3 2 3 1 3 1 3 2 1 3 1 1 1 1 2 2 4 0 
0 4 3 1 4 2 4 3 1 3 2 4 4 3 3 2 4 1 2 0 
0 2 1 4 4 1 2 4 2 2 4 3 3 3 3 2 4 2 3 0 
0 3 4 3 1 2 2 4 4 4 1 3 4 2 4 4 1 3 1 0 
0 0 0 0 0 0 0 0 0 0 0 0 0 0 0 0 0 0 0 0 

1 2 1 0 1 0 1 2
0 0 0 0 0 0 0 0 0 0 0 0 0 0 0 0 0 0 0 0 
0 2 2 2 3 2 4 2 4 2 3 3 4 1 1 3 3 1 4 0 
0 4 4 3 3 4 1 2 1 1 1 1 3 1 2 1 2 1 2 0 
0 2 2 1 3 4 4 2 4 4 1 2 1 4 1 4 3 3 4 0 
0 3 4 4 3 4 1 2 1 2 2 2 2 3 3 3 3 2 2 0 
0 2 3 1 2 3 2 2 3 2 1 1 4 4 3 3 4 2 3 0 
0 4 3 3 1 4 4 3 2 3 1 4 4 3 2 2 3 3 1 0 
0 1 4 3 2 4 3 2 4 1 4 3 2 2 2 4 4 2 3 0 
0 4 4 4 2 1 4 1 3 1 2 1 3 2 1 2 4 3 1 0 
0 2 4 4 3 3 2 4 1 3 4 4 1 2 3 4 2 4 4 0 
0 1 4 2 1 2 3 3 3 3 4 3 1 4 4 4 4 2 3 0 
0 1 2 3 4 1 2 4 2 1 3 3 4 3 3 4 4 3 1 0 
0 2 1 3 1 4 1 1 4 1 1 3 2 3 3 3 1 2 3 0 
0 2 1 1 2 4 3 2 2 2 1 1 4 1 3 1 3 3 4 0 
0 0 0 0 0 0 0 0 0 0 0 0 0 0 0 0 0 0 0 0 

0 517 342 0
34 158 128 675 260 100 100 1 50 50 0
215 125 207 715 292 100 100 1 50 50 0
1 2 0 0 1 1 0 1
0 0 0 0 0 0 0 0 0 0 0 0 0 0 0 0 0 0 0 0 
0 4 2 4 3 1 4 3 3 2 4 4 2 4 4 2 1 1 3 0 
0 3 2 3 2 2 2 4 2 4 4 1 1 2 4 3 1 2 3 0 
0 1 4 1 2 4 1 3 3 4 1 4 1 3 2 2 1 3 3 0 
0 3 2 1 2 1 1 3 3 4 1 3 1 3 3 4 4 1 3 0 
0 4 3 2 3 3 1 3 1 2 4 2 4 3 4 2 3 1 2 0 
0 3 3 4 2 3 3 2 2 1 1 1 1 4 4 4 1 2 2 0 
0 1 1 3 2 4 4 1 2 3 2 4 3 4 2 2 3 3 4 0 
0 1 4 1 2 1 1 2 4 4 1 4 2 3 4 2 1 1 1 0 
0 4 1 3 2 3 2 4 2 4 1 4 2 1 1 2 1 2 2 0 
0 2 3 1 1 4 4 2 2 3 3 2 3 4 1 3 2 2 1 0 
0 3 1 2 2 2 2 4 2 2 1 2 3 2 3 1 2 4 4 0 
0 1 1 1 3 4 2 1 3 2 3 4 3 4 2 4 1 4 1 0 
0 2 3 2 3 3 3 1 4 2 2 1 1 1 1 1 2 3 4 0 
0 0 0 0 0 0 0 0 0 0 0 0 0 0 0 0 0 0 0 0 

109 177 135 758 206 100 100 1 50 50 0
1 2 0 0 1 1 0 2
0 0 0 0 0 0 0 0 0 0 0 0 0 0 0 0 0 0 0 0 
0 2 2 4 3 1 2 2 1 1 3 2 1 3 3 1 3 4 3 0 
0 3 2 1 4 2 1 1 1 1 3 2 1 4 4 2 3 2 2 0 
0 4 3 3 4 1 4 4 3 2 4 2 1 2 4 3 2 3 4 0 
0 2 3 4 2 1 2 2 4 1 4 2 2 1 1 1 3 4 1 0 
0 3 3 4 4 2 1 1 3 4 3 4 2 2 2 1 2 3 1 0 
0 3 1 1 3 4 2 4 4 3 4 3 2 1 1 1 4 4 2 0 
0 4 4 1 3 2 4 4 4 1 4 1 4 1 3 4 1 1 3 0 
0 2 4 2 4 4 4 2 4 4 2 3 4 3 2 3 3 4 1 0 
0 3 3 4 3 3 4 2 3 2 1 3 2 3 4 1 1 4 4 0 
0 4 1 3 4 2 1 3 4 2 1 3 1 1 1 4 4 3 2 0 
0 3 1 4 4 1 2 1 4 1 2 4 4 1 3 4 4 2 1 0 
0 4 4 1 2 1 3 2 1 3 1 1 1 2 3 1 1 3 2 0 
0 2 3 1 3 4 4 2 1 2 2 4 4 2 3 3 2 4 3 0 
0 0 0 0 0 0 0 0 0 0 0 0 0 0 0 0 0 0 0 0 

88 6 139 712 526 100 100 1 50 50 0
20 46 145 558 504 100 100 1 50 50 0
1 2 0 0 1 1 2 2
0 0 0 0 0 0 0 0 0 0 0 0 0 0 0 0 0 0 0 0 
0 3 4 4 2 3 1 2 1 2 1 4 4 4 2 1 3 1 1 0 
0 4 4 2 2 3 4 1 4 3 4 4 2 1 2 2 4 3 4 0 
0 1 1 4 2 1 3 1 4 1 2 3 1 2 2 4 3 3 2 0 
0 3 3 1 1 3 4 2 3 1 3 3 4 3 3 4 2 4 4 0 
0 1 1 4 1 2 2 1 3 3 4 1 2 1 3 4 1 3 2 0 
0 1 1 1 1 3 3 4 1 1 3 3 4 3 3 4 2 3 1 0 
0 3 3 3 1 2 4 2 2 2 2 2 1 3 2 1 3 3 3 0 
0 1 2 4 1 1 2 1 3 4 4 4 2 1 2 4 3 2 1 0 
0 2 4 2 4 1 3 4 3 1 4 2 3 2 2 4 1 3 4 0 
0 2 3 2 1 2 1 2 2 2 1 1 4 1 2 3 2 1 3 0 
0 1 4 1 1 3 2 3 1 4 2 1 2 2 3 4 3 3 1 0 
0 4 1 3 1 1 3 4 2 4 2 3 1 4 3 4 1 3 3 0 
0 2 1 3 1 3 3 2 4 1 1 2 4 2 1 4 4 2 4 0 
0 0 0 0 0 0 0 0 0 0 0 0 0 0 0 0 0 0 0 0 

0 177 357 0
0 533 241 0
65 39 123 538 258 100 100 1 50 50 0
54 34 57 473 313 100 100 1 50 50 0
1 3 1 1 0 1 2 1
0 0 0 0 0 0 0 0 0 0 0 0 0 0 0 0 0 0 0 0 
0 3 3 4 2 2 1 1 3 2 2 4 4 1 4 1 2 4 3 0 
0 2 2 2 3 2 1 1 1 2 3 4 4 2 2 2 1 3 4 0 
0 2 3 2 3 4 1 2 4 1 2 2 4 4 3 2 1 1 3 0 
0 2 2 3 3 4 2 2 1 3 4 1 1 3 2 4 4 4 3 0 
0 1 1 3 1 3 4 4 2 2 1 3 3 4 4 4 2 2 3 0 
0 4 4 3 2 3 3 3 1 1 2 4 4 4 4 1 2 4 3 0 
0 1 4 4 3 4 2 1 3 1 4 1 3 2 4 2 4 1 4 0 
0 2 3 4 2 4 3 2 4 3 2 1 2 4 2 1 3 4 1 0 
0 1 4 3 1 3 3 3 4 2 4 3 3 3 4 1 2 2 1 0 
0 1 3 4 3 4 4 4 3 1 1 1 4 1 1 3 3 2 1 0 
0 2 4 4 3 4 2 1 2 2 2 4 3 2 4 1 1 2 4 0 
0 4 1 2 1 1 2 4 1 3 3 4 4 3 1 3 3 3 2 0 
0 4 4 4 1 1 3 3 2 2 3 2 3 2 1 3 3 1 4 0 
0 0 0 0 0 0 0 0 0 0 0 0 0 0 0 0 0 0 0 0 

0 830 612 0
0 53 585 0
113 87 235 247 504 100 100 1 50 50 0
1 2 1 1 0 0 0 2
0 0 0 0 0 0 0 0 0 0 0 0 0 0 0 0 0 0 0 0 
0 4 3 2 2 3 4 4 4 3 4 4 3 2 2 1 3 2 4 0 
0 3 1 1 4 3 1 4 1 1 2 2 2 1 2 4 2 3 2 0 
0 1 2 1 4 2 4 2 3 1 2 2 3 1 4 3 1 3 1 0 
0 1 2 1 1 3 3 2 3 4 1 4 2 3 4 3 3 3 4 0 
0 3 4 3 3 2 4 1 2 3 3 3 1 3 3 2 4 4 4 0 
0 2 1 2 1 2 1 2 4 4 4 2 3 4 4 2 2 3 3 0 
0 1 3 1 3 2 3 3 4 1 4 3 4 3 4 1 4 4 2 0 
0 4 1 1 3 1 2 1 4 2 3 1 4 1 1 2 1 3 3 0 
0 3 1 3 4 4 1 3 2 1 3 1 4 4 4 1 4 2 1 0 
0 2 3 4 3 1 4 2 1 4 3 2 2 2 4 2 4 3 1 0 
0 4 2 2 4 4 2 4 4 1 4 3 2 4 4 4 3 2 4 0 
0 2 3 1 1 2 2 2 3 1 3 2 4 3 1 1 4 1 4 0 
0 1 4 3 1 3 2 2 2 1 2 4 3 1 1 1 1 1 2 0 
0 0 0 0 0 0 0 0 0 0 0 0 0 0 0 0 0 0 0 0 

234 172 168 484 402 100 100 1 50 50 0
139 146 12 402 398 100 100 1 50 50 0
0 0 0 0 0 0 0 0
0 0 0 0 0 0 0 0 0 0 0 0 0 0 0 0 0 0 0 0 
0 3 3 3 4 3 4 4 3 1 2 4 1 4 3 1 1 4 2 0 
0 2 4 3 2 4 3 1 4 1 1 1 4 2 4 2 4 3 4 0 
0 3 2 2 4 3 1 4 2 3 4 2 2 2 3 1 4 1 4 0 
0 3 1 3 3 2 4 3 3 3 4 2 1 4 1 2 1 4 1 0 
0 2 3 2 4 2 4 2 3 2 2 3 2 2 1 3 4 3 4 0 
0 3 1 2 1 1 3 1 4 3 3 4 2 3 1 4 4 1 2 0 
0 3 2 4 1 3 2 2 4 2 4 4 1 3 2 1 4 3 1 0 
0 3 3 4 1 1 4 3 3 4 2 3 4 3 1 1 3 1 4 0 
0 4 3 3 2 2 2 2 1 4 2 4 2 3 2 4 2 3 1 0 
0 1 1 3 1 2 1 4 1 2 1 3 2 4 2 4 2 3 2 0 
0 4 4 2 3 2 1 4 4 3 3 1 1 3 2 1 2 2 2 0 
0 2 1 2 3 1 4 1 4 2 4 2 4 1 1 4 2 3 1 0 
0 3 2 4 1 4 4 1 3 1 1 4 2 2 1 3 4 4 3 0 
0 0 0 0 0 0 0 0 0 0 0 0 0 0 0 0 0 0 0 0 

0 0 0 0 0 0 1 0
0 0 0 0 0 0 0 0 0 0 0 0 0 0 0 0 0 0 0 0 
0 3 4 3 4 3 4 4 4 4 3 1 2 3 3 3 2 3 2 0 
0 1 3 4 2 3 3 3 1 4 1 4 3 4 2 2 2 2 4 0 
0 1 1 3 4 3 4 1 1 2 3 2 1 4 2 3 4 3 2 0 
0 2 2 2 1 2 1 3 1 2 4 2 3 4 2 3 2 1 1 0 
0 1 1 1 3 3 2 3 3 4 1 2 2 2 3 3 3 4 1 0 
0 3 2 1 1 2 3 3 1 4 2 2 1 2 3 1 3 1 4 0 
0 4 3 2 3 3 3 1 1 1 3 3 4 3 2 2 4 2 3 0 
0 2 4 3 1 1 4 1 3 2 2 1 2 1 4 4 2 3 3 0 
0 4 3 3 4 1 1 4 4 2 1 3 3 3 4 3 1 4 3 0 
0 4 1 1 2 2 1 3 2 1 3 3 3 1 2 1 3 1 1 0 
0 3 4 4 1 4 2 3 2 1 1 2 1 4 2 1 4 3 2 0 
0 1 1 3 1 3 1 3 3 2 3 1 2 3 4 2 3 4 1 0 
0 4 2 3 1 3 4 1 2 1 1 1 3 2 1 4 4 1 2 0 
0 0 0 0 0 0 0 0 0 0 0 0 0 0 0 0 0 0 0 0 

0 540 563 0
0 0 0 0 0 0 0 0
0 0 0 0 0 0 0 0 0 0 0 0 0 0 0 0 0 0 0 0 
0 4 3 1 1 1 1 2 4 4 3 2 3 4 1 1 2 1 3 0 
0 1 1 4 2 1 4 4 2 1 3 1 1 1 4 4 1 4 4 0 
0 1 2 3 1 4 4 3 3 1 3 4 1 1 1 2 4 2 2 0 
0 4 1 4 4 4 4 4 4 4 3 4 3 3 4 4 1 4 4 0 
0 1 3 2 1 1 2 1 2 2 2 1 3 4 4 3 3 3 2 0 
0 2 3 1 1 1 4 4 3 4 3 4 3 2 4 1 4 4 2 0 
0 1 4 3 2 2 3 4 1 3 2 3 1 4 4 3 4 1 4 0 
0 4 4 2 3 2 1 1 4 4 2 3 3 3 3 3 1 4 4 0 
0 3 3 4 1 4 2 2 3 1 4 3 1 3 2 4 1 4 2 0 
0 1 4 1 1 1 3 3 3 1 1 3 4 4 2 2 3 2 1 0 
0 4 3 4 1 3 2 1 1 3 1 1 2 2 2 1 2 2 2 0 
0 4 4 4 4 1 3 3 4 4 4 3 1 4 2 4 3 2 2 0 
0 4 3 2 2 3 3 3 4 4 4 1 1 1 4 4 4 3 4 0 
0 0 0 0 0 0 0 0 0 0 0 0 0 0 0 0 0 0 0 0 

0 0 0 0 0 0 0 0
0 0 0 0 0 0 0 0 0 0 0 0 0 0 0 0 0 0 0 0 
0 2 1 4 1 4 2 2 3 3 1 2 1 2 1 3 3 3 1 0 
0 1 1 4 4 4 4 4 4 3 4 4 1 3 1 1 2 2 4 0 
0 3 3 2 2 3 3 2 4 4 4 2 2 4 3 2 3 2 2 0 
0 2 2 1 4 1 4 4 3 1 4 1 2 3 3 4 4 4 2 0 
0 3 1 1 2 4 2 3 3 4 4 1 2 1 2 3 2 1 3 0 
0 1 4 1 1 3 1 2 1 4 1 1 3 2 3 4 2 4 3 0 
0 4 2 2 3 1 2 4 2 4 2 3 4 4 3 4 1 4 2 0 
0 1 1 3 4 2 3 3 3 1 2 1 4 4 4 1 1 2 1 0 
0 3 2 2 2 3 4 1 3 3 4 3 2 2 3 2 4 3 3 0 
0 2 1 2 2 2 2 1 1 1 1 2 2 1 4 3 3 1 2 0 
0 2 1 4 4 1 2 1 2 4 3 1 2 1 2 2 2 3 3 0 
0 3 3 4 3 3 1 1 3 4 3 1 4 4 3 4 3 2 4 0 
0 4 3 1 4 1 1 1 1 2 3 3 4 1 1 2 4 4 4 0 
0 0 0 0 0 0 0 0 0 0 0 0 0 0 0 0 0 0 0 0 

0 0 0 0 0 0 0 0
0 0 0 0 0 0 0 0 0 0 0 0 0 0 0 0 0 0 0 0 
0 4 4 3 3 2 3 2 2 1 2 4 3 1 4 1 2 3 1 0 
0 2 3 1 4 1 3 3 2 4 1 1 3 4 1 2 2 3 3 0 
0 1 1 4 1 2 4 3 2 3 3 3 1 3 1 3 4 4 4 0 
0 2 2 1 1 2 1 3 2 1 4 3 4 3 3 4 2 4 1 0 
0 1 2 2 3 1 1 3 3 1 2 2 4 1 4 1 1 4 3 0 
0 1 3 4 2 2 2 1 4 1 4 2 4 4 2 1 1 1 1 0 
0 1 3 4 1 4 1 4 4 4 1 4 4 3 1 2 2 2 3 0 
0 3 2 3 3 1 4 2 4 1 3 4 1 3 1 4 2 1 3 0 
0 3 1 3 2 1 2 1 3 2 2 4 3 1 2 4 3 1 4 0 
0 2 2 3 2 4 3 3 3 3 2 4 3 4 2 3 2 4 3 0 
0 4 4 1 1 2 4 4 2 2 3 4 2 3 1 3 1 2 3 0 
0 3 4 1 1 1 4 4 1 2 2 2 1 1 1 4 1 2 1 0 
0 1 1 2 2 3 1 3 1 1 1 2 3 3 4 2 3 1 3 0 
0 0 0 0 0 0 0 0 0 0 0 0 0 0 0 0 0 0 0 0 

1 2 1 1 0 0 2 1
0 0 0 0 0 0 0 0 0 0 0 0 0 0 0 0 0 0 0 0 
0 3 4 3 4 1 4 4 1 1 3 2 2 4 2 2 1 3 4 0 
0 2 1 1 2 1 2 4 4 1 2 2 1 4 4 4 2 3 1 0 
0 1 2 1 1 1 2 2 4 3 3 4 1 3 1 1 3 3 2 0 
0 4 2 1 4 3 2 1 2 2 4 3 4 4 4 2 1 4 2 0 
0 2 2 1 1 4 4 1 2 1 2 4 3 3 3 4 3 3 3 0 
0 4 3 4 1 2 3 1 2 2 2 2 1 3 3 2 3 3 2 0 
0 2 4 3 2 1 3 4 3 1 4 1 3 2 4 1 1 1 3 0 
0 3 1 4 4 2 1 1 4 3 2 2 2 3 3 1 2 1 1 0 
0 4 4 3 4 3 3 3 4 2 3 1 2 1 3 2 4 3 3 0 
0 4 3 2 3 4 3 4 3 2 4 4 2 4 3 1 2 2 4 0 
0 4 4 3 1 3 3 3 3 2 4 3 4 3 2 2 4 4 1 0 
0 3 3 3 4 2 2 1 1 4 1 2 2 4 1 1 3 2 3 0 
0 1 4 2 2 3 4 1 1 1 2 1 1 3 3 3 1 2 1 0 
0 0 0 0 0 0 0 0 0 0 0 0 0 0 0 0 0 0 0 0 

0 626 444 0
0 401 175 0
139 188 31 555 410 100 100 1 50 50 0
1 2 1 0 1 0 1 2
0 0 0 0 0 0 0 0 0 0 0 0 0 0 0 0 0 0 0 0 
0 2 3 4 2 3 2 4 1 2 1 1 4 2 2 2 4 4 4 0 
0 1 2 3 4 2 1 3 4 3 4 1 1 2 3 3 1 4 1 0 
0 2 4 1 3 4 2 3 2 3 4 1 2 3 1 3 2 4 4 0 
0 2 2 4 4 2 4 4 3 2 2 3 2 2 4 1 3 2 4 0 
0 4 4 1 2 3 1 3 2 1 1 3 4 1 4 2 4 3 3 0 
0 3 3 1 1 4 3 2 2 2 2 4 3 1 3 3 2 4 1 0 
0 2 2 2 3 2 4 2 2 3 3 1 2 1 4 4 1 4 3 0 
0 3 1 4 4 2 3 3 2 1 1 3 4 1 1 1 3 3 3 0 
0 2 4 4 1 3 1 2 3 4 1 4 3 3 2 3 3 2 4 0 
0 1 4 1 2 4 4 1 4 4 2 2 2 4 4 1 3 4 3 0 
0 3 1 2 2 1 1 4 3 2 2 1 3 1 2 2 2 3 1 0 
0 1 3 1 4 4 2 1 3 1 1 2 4 4 4 4 1 2 4 0 
0 1 1 3 2 3 3 1 3 4 2 4 2 3 4 1 3 3 4 0 
0 0 0 0 0 0 0 0 0 0 0 0 0 0 0 0 0 0 0 0 

0 727 240 0
121 151 96 319 231 100 100 1 50 50 0
210 37 67 660 234 100 100 1 50 50 0
1 2 0 0 1 1 2 1
0 0 0 0 0 0 0 0 0 0 0 0 0 0 0 0 0 0 0 0 
0 4 4 1 3 2 1 1 4 4 1 2 3 4 1 1 2 1 4 0 
0 1 1 2 4 4 4 3 2 2 3 3 2 1 2 1 2 4 2 0 
0 2 4 1 1 4 2 3 4 3 4 1 3 3 2 3 1 1 2 0 
0 4 3 4 2 2 2 3 2 3 3 3 2 1 4 2 1 1 1 0 
0 3 3 4 1 2 1 3 1 2 2 1 2 3 4 4 2 1 1 0 
0 3 3 3 1 2 1 3 2 1 4 2 1 4 4 3 4 4 1 0 
0 4 3 1 1 4 1 2 2 4 1 4 1 2 2 3 4 3 4 0 
0 4 1 1 4 4 3 4 3 2 3 2 2 3 1 4 3 1 3 0 
0 3 2 4 2 3 3 2 4 1 1 3 3 4 2 3 1 2 2 0 
0 3 1 4 4 3 2 1 1 2 4 3 3 2 1 4 2 3 2 0 
0 4 4 1 4 4 3 2 4 1 4 4 2 1 2 2 1 1 1 0 
0 2 2 1 3 1 4 1 3 4 1 4 2 2 3 2 3 3 1 0 
0 1 4 4 1 4 3 2 4 4 4 4 1 4 1 2 4 4 2 0 
0 0 0 0 0 0 0 0 0 0 0 0 0 0 0 0 0 0 0 0 

0 293 300 0
0 669 373 0
18 181 174 308 269 100 100 1 50 50 0
1 2 0 0 1 1 1 1
0 0 0 0 0 0 0 0 0 0 0 0 0 0 0 0 0 0 0 0 
0 3 1 1 2 4 2 2 3 1 1 3 4 2 4 4 1 2 2 0 
0 4 1 4 4 4 4 1 1 4 4 4 1 3 2 2 3 4 1 0 
0 1 1 3 1 1 2 1 2 1 4 2 2 1 2 3 1 1 2 0 
0 4 1 2 3 4 1 4 2 2 1 1 1 1 1 1 3 1 2 0 
0 4 1 3 1 4 1 2 1 2 4 1 2 1 4 2 2 2 1 0 
0 2 1 2 4 1 2 4 1 2 1 4 3 2 3 3 4 3 3 0 
0 4 1 3 1 4 3 2 1 2 3 2 3 3 4 4 1 3 4 0 
0 2 2 1 4 2 4 2 3 2 4 3 1 2 2 1 4 3 4 0 
0 2 4 4 3 3 2 2 1 1 1 1 3 4 3 4 4 2 2 0 
0 3 3 4 1 2 2 1 4 4 1 3 2 4 1 1 4 3 3 0 
0 1 4 4 1 4 4 3 4 2 2 3 3 3 2 1 3 2 3 0 
0 4 2 2 3 2 4 4 1 4 1 4 3 3 4 2 2 4 2 0 
0 2 2 1 3 4 3 2 2 4 2 4 1 4 4 2 1 2 3 0 
0 0 0 0 0 0 0 0 0 0 0 0 0 0 0 0 0 0 0 0 

0 318 575 0
27 244 55 397 355 100 100 1 50 50 0
1 2 0 0 1 1 0 2
0 0 0 0 0 0 0 0 0 0 0 0 0 0 0 0 0 0 0 0 
0 2 2 1 3 4 1 1 3 3 2 4 3 4 4 3 3 3 1 0 
0 4 4 3 4 1 2 3 2 1 1 2 3 4 3 4 4 1 3 0 
0 4 1 1 2 3 1 4 2 4 3 4 2 3 3 1 1 2 2 0 
0 3 1 3 3 1 4 1 4 2 4 3 2 3 2 3 3 3 1 0 
0 3 3 2 2 1 1 3 3 4 4 3 1 1 1 1 3 3 1 0 
0 3 3 4 4 3 2 2 1 3 4 3 2 4 2 4 1 3 4 0 
0 1 2 2 4 1 4 1 1 1 1 3 3 2 1 2 1 1 4 0 
0 3 2 4 1 1 2 2 4 3 1 4 2 4 4 3 1 4 3 0 
0 1 4 3 1 4 1 3 1 2 4 2 2 3 4 3 2 4 3 0 
0 4 2 2 2 2 1 3 2 4 1 2 3 3 2 2 1 2 2 0 
0 2 1 2 3 4 3 4 3 2 2 4 2 4 3 3 1 1 4 0 
0 1 3 1 4 4 3 3 2 4 4 3 2 1 4 2 3 2 1 0 
0 1 1 3 3 2 3 4 1 1 2 1 1 1 1 4 2 4 3 0 
0 0 0 0 0 0 0 0 0 0 0 0 0 0 0 0 0 0 0 0 

200 125 25 229 367 100 100 1 50 50 0
87 235 21 326 377 100 100 1 50 50 0
1 2 0 0 1 1 1 1
0 0 0 0 0 0 0 0 0 0 0 0 0 0 0 0 0 0 0 0 
0 3 3 3 3 3 3 3 2 4 3 4 3 4 4 2 1 1 1 0 
0 3 2 2 2 3 3 2 1 2 4 3 4 1 2 2 3 4 4 0 
0 2 3 2 1 1 1 4 4 4 1 1 1 1 3 2 2 4 4 0 
0 4 2 4 2 1 3 1 2 4 2 4 3 1 1 1 2 2 1 0 
0 3 1 1 2 1 1 2 1 3 3 3 2 3 2 3 2 3 4 0 
0 4 3 1 3 4 4 2 1 1 2 2 2 3 4 2 3 2 2 0 
0 3 3 2 1 2 4 2 4 2 1 1 4 4 1 3 4 3 2 0 
0 3 4 2 3 2 4 4 4 3 1 2 4 2 4 3 4 4 4 0 
0 3 1 3 4 1 3 4 4 3 2 3 2 3 2 1 1 4 2 0 
0 4 4 1 2 4 2 2 2 1 4 1 4 3 3 1 1 3 1 0 
0 3 2 1 2 3 3 3 1 4 3 1 4 1 4 3 1 2 2 0 
0 3 3 3 3 2 3 3 4 2 3 4 4 3 2 1 3 3 3 0 
0 2 1 3 1 4 4 4 4 3 2 4 4 4 2 2 2 1 3 0 
0 0 0 0 0 0 0 0 0 0 0 0 0 0 0 0 0 0 0 0 

0 881 96 0
90 52 28 268 258 100 100 1 50 50 0
1 2 0 0 1 1 2 1
0 0 0 0 0 0 0 0 0 0 0 0 0 0 0 0 0 0 0 0 
0 3 1 4 3 4 3 4 3 2 3 1 4 1 1 2 1 3 4 0 
0 2 3 4 2 1 2 2 2 3 4 4 4 4 3 4 4 1 3 0 
0 2 4 1 3 3 1 2 3 1 4 3 3 3 4 1 2 1 2 0 
0 4 2 3 2 1 3 1 4 1 4 3 1 2 4 4 2 3 2 0 
0 3 4 4 3 3 2 2 1 1 2 3 1 3 2 2 2 3 2 0 
0 4 3 2 4 2 4 4 3 4 3 4 2 1 2 1 4 1 4 0 
0 2 2 4 2 3 2 3 2 3 4 3 1 2 2 3 3 1 4 0 
0 2 4 2 1 2 2 2 2 3 3 2 3 2 3 4 1 4 3 0 
0 3 2 4 1 2 2 2 3 3 4 1 3 4 2 2 1 3 3 0 
0 2 4 1 1 2 2 3 3 4 3 4 3 1 2 1 4 2 2 0 
0 1 3 4 3 3 4 1 2 1 2 2 3 4 4 3 4 4 4 0 
0 1 2 3 4 4 2 3 4 3 3 3 4 4 3 3 3 1 1 0 
0 2 1 2 2 2 3 1 2 2 3 1 1 2 2 3 4 1 2 0 
0 0 0 0 0 0 0 0 0 0 0 0 0 0 0 0 0 0 0 0 

0 432 316 0
0 839 356 0
75 246 219 392 328 100 100 1 50 50 0
1 2 1 0 0 1 1 2
0 0 0 0 0 0 0 0 0 0 0 0 0 0 0 0 0 0 0 0 
0 2 2 3 3 2 4 4 4 4 4 2 4 3 3 3 3 2 1 0 
0 3 4 1 4 3 1 3 2 2 3 2 1 3 4 2 1 2 4 0 
0 4 1 3 3 4 4 3 2 2 1 1 4 1 3 3 1 2 1 0 
0 1 4 2 2 2 4 2 4 3 4 4 4 3 4 4 1 2 3 0 
0 1 4 1 2 4 1 1 4 3 4 4 4 4 4 4 2 1 1 0 
0 1 3 1 3 2 4 2 4 3 1 4 1 3 4 4 3 2 4 0 
0 3 2 3 1 1 3 1 1 2 4 2 3 4 2 1 4 4 2 0 
0 4 1 1 2 1 4 2 3 4 2 2 1 1 4 2 3 1 3 0 
0 1 1 3 3 4 4 1 3 1 1 3 4 2 2 4 2 3 4 0 
0 1 1 2 4 2 3 4 2 3 2 4 3 4 1 3 2 3 2 0 
0 1 3 4 1 3 2 4 4 3 3 1 2 2 1 2 3 1 3 0 
0 2 4 4 4 1 3 2 4 3 4 1 1 1 1 3 4 1 1 0 
0 2 4 4 4 2 4 1 3 1 2 2 1 4 3 4 3 2 1 0 
0 0 0 0 0 0 0 0 0 0 0 0 0 0 0 0 0 0 0 0 

0 183 637 0
174 139 167 285 350 100 100 1 50 50 0
109 123 84 249 360 100 100 1 50 50 0
